sampleID	full_Richness	full_InvSimpson	full_Evenness	dominant_Richness	dominant_InvSimpson	dominant_Evenness
A1	1036	204.648802190561	0.197537453851893	258	71.4257143999954	0.276843854263548
A10	1092	160.045580981464	0.146561887345663	250	56.0553198740773	0.224221279496309
A11	1268	191.851675632535	0.151302583306416	249	56.4181260155263	0.226578819339463
A12	1187	151.218671271779	0.12739567925171	257	50.6626676934301	0.197131002698171
A13	1450	187.32134226981	0.129187132599869	261	53.3633875932258	0.204457423728835
A14	1061	174.734142002943	0.164688163999003	229	54.4638577839746	0.237833440104692
A15	1210	189.348753895851	0.156486573467645	242	56.0983381428309	0.231811314639797
A16	1371	164.184740670202	0.119755463654414	260	50.8159000918752	0.195445769584135
A17	998	86.7361365296178	0.0869099564425028	250	31.4782963442366	0.125913185376946
A18	1160	152.525517519081	0.131487515102656	265	47.3253599566878	0.178586263987501
A19	1263	174.938334237181	0.138510161707982	256	54.5603743278162	0.213126462218032
A2	1063	193.232234228385	0.181780088643824	252	66.3580574607691	0.263325624844322
A20	1133	222.970411826351	0.196796479987953	257	65.9220116233691	0.256505881802993
A21	1195	171.923514666795	0.143869049930372	262	58.8623092861179	0.224665302618771
A22	996	84.8118872341147	0.0851524972230068	236	29.1564230433708	0.123544165438012
A23	1218	189.99992400003	0.155993369458153	267	56.7029716893403	0.212370680484421
A24	1173	138.218529023127	0.117833358075982	231	41.6452887517741	0.180282635289065
A3	1096	210.023144550529	0.191626956706687	242	65.9599280245265	0.272561686051763
A4	1042	169.951835649777	0.163101569721475	236	56.6228330441794	0.239927258661777
A5	1149	209.156013653705	0.182033084119847	252	64.7584509778526	0.256977980070844
A6	1101	169.169816044742	0.153651059077876	259	60.2093358187747	0.232468478064767
A7	999	245.839172013669	0.24608525727094	215	69.7641970140924	0.324484637274848
A8	1178	180.660639827722	0.153362173028627	253	55.5219955937744	0.219454528038634
A9	1029	132.457348733708	0.128724342792719	252	47.3692986312168	0.187973407266733
AB1	1042	146.189853839384	0.140297364529159	238	51.3422929057273	0.215723919771964
AB10	887	119.719186675733	0.134970898168809	247	46.2885815327075	0.18740316410003
AB11	820	110.30928517377	0.134523518504598	237	44.0066467639272	0.185682053856233
AB12	950	108.018656982434	0.113703849455194	258	39.3205410506449	0.152405197870716
AB13	891	130.093823665628	0.146008780769504	229	45.046181345115	0.196708215480852
AB14	894	133.301696397388	0.149107042950099	226	48.6033345775787	0.215059002555658
AB15	811	115.555103606706	0.142484714681512	229	46.0456035657715	0.201072504654024
AB16	905	85.5686722822534	0.0945510190964126	243	34.9336679512941	0.143759950416848
AB17	672	75.6706691405931	0.112605162411597	222	33.1124073514842	0.149154988069749
AB18	973	113.728380234917	0.116884255123245	251	43.1392985204946	0.171869715221094
AB19	744	94.2171403590427	0.126635941342799	227	38.3312123395839	0.168859966253673
AB2	1069	135.766264798523	0.127003054067842	263	49.4505059775772	0.188024737557328
AB20	1097	139.431898672051	0.127102915835962	246	45.3038073319682	0.184161818422635
AB21	840	162.439450694754	0.193380298446135	245	56.2270312577312	0.22949808676625
AB22	997	116.918313850845	0.117270124223516	216	36.489212329267	0.168931538561421
AB23	1094	127.043817412626	0.116127803850663	237	39.7236505081449	0.167610339696814
AB24	1174	139.986225355425	0.119238692807006	262	48.0340619139844	0.183336114175513
AB3	1041	139.049181695566	0.133572700956355	244	45.0687568955198	0.184708020063606
AB4	1057	148.558389389366	0.140547199043865	239	47.9610786254739	0.200673969144242
AB5	721	123.232537333297	0.170918914470592	225	48.972939512543	0.217657508944635
AB6	833	80.7653975192101	0.0969572599270229	241	37.1617905442567	0.154198301013513
AB7	720	109.628447266524	0.152261732314617	231	42.2924540111855	0.183084216498639
AB8	959	121.329185492912	0.126516356092713	252	48.860571473244	0.193891156639857
AB9	843	82.5349452958383	0.0979062221777441	243	35.4575728865868	0.145915937804884
AD1	1122	158.949155344189	0.141665913854	268	61.4652328057158	0.229347883603417
AD10	1097	117.540304570437	0.107147041540964	235	36.2634174644619	0.154312414742391
AD11	1005	103.565554924956	0.103050303407917	249	34.5769988271482	0.138863449105013
AD12	1067	107.641931268474	0.100882784693978	249	34.1098555652276	0.136987371747902
AD13	921	130.689228855136	0.141899271286793	240	46.3557002677505	0.193148751115627
AD14	1341	213.47997984749	0.159194615844512	261	66.2539487353446	0.253846546878715
AD15	1055	145.849133656146	0.138245624318622	234	50.4166431388999	0.215455739909829
AD16	1145	117.413337215801	0.10254439931511	261	40.1459385156922	0.153815856381963
AD17	1064	102.137951602953	0.0959943154163092	257	37.9374184345504	0.147616414142219
AD18	1150	122.196208007273	0.106257572180237	263	43.4894546770299	0.165359143258669
AD19	1246	174.487182171598	0.140037866911395	250	56.5872031435323	0.226348812574129
AD2	930	173.640051119631	0.1867097323867	249	65.3892228098534	0.262607320521499
AD20	1083	108.405314462136	0.100097243270671	254	38.6509877646433	0.152169243167887
AD21	929	166.001002646056	0.178687839231492	242	58.0024871466488	0.239679698953094
AD22	1165	156.900647372071	0.134678667272164	259	53.7615909990194	0.207573710420924
AD23	936	140.601888564567	0.150215692910862	228	43.1595556982698	0.189296296922236
AD24	1147	111.839809603908	0.0975063728020123	243	36.0804507458551	0.148479221176358
AD3	1081	134.308232020157	0.124244432951117	263	44.1819447831727	0.167992185487349
AD4	1098	162.447367053075	0.147948421724112	258	52.2988481701679	0.20270871383786
AD5	761	92.9117616999136	0.122091671090557	231	38.9743205996433	0.168720002595858
AD6	495	58.0257100316008	0.117223656629497	183	29.452443728161	0.160942315454432
AD7	790	109.404163047212	0.138486282338243	250	44.0840912858095	0.176336365143238
AD8	1222	143.996359772025	0.117836628291346	270	46.313792617952	0.171532565251674
AD9	909	107.96734203838	0.118775953837602	253	42.661388030921	0.168622087078739
AE1	900	134.426670251378	0.149362966945975	225	44.723199175662	0.198769774114053
AE10	1628	261.702005160764	0.160750617420616	250	63.0116546356414	0.252046618542566
AE11	1022	105.618034490625	0.103344456448753	243	41.9104457595011	0.172470970203708
AE12	1520	167.122912217019	0.109949284353302	252	42.0667211851373	0.166931433274354
AE13	980	99.3386035773818	0.101365922017737	199	25.2138131353881	0.126702578569789
AE14	1092	97.5272930129497	0.0893107078873165	248	38.0357718827403	0.153370047914275
AE15	865	73.5777783336988	0.0850610154146807	240	35.2220822731487	0.146758676138119
AE16	1246	128.487141006928	0.103119695832205	258	38.9142609870525	0.150830468942064
AE17	1417	168.623258543297	0.11900018245822	263	49.973014572131	0.190011462251449
AE18	1203	130.356342096756	0.108359386614095	251	41.9408198255933	0.167094899703559
AE19	1330	184.155957997709	0.138463126314067	250	52.8123640081627	0.211249456032651
AE2	1132	63.5137589856091	0.0561075609413508	243	21.4969070250172	0.0884646379630339
AE20	1024	136.829228912563	0.133622293859925	246	46.9652907715082	0.190915816144342
AE22	1411	101.813502099394	0.072156982352512	248	26.5439557289289	0.107032079552133
AE23	1075	87.8691382497873	0.0817387332556161	234	27.1955512429455	0.116220304457032
AE24	1303	94.7946368986228	0.0727510643888126	254	30.3123628365582	0.119340011167552
AE3	1306	85.1207267267165	0.0651766667126466	237	23.2620027281677	0.0981519102454333
AE4	1151	167.839303936839	0.145820420449035	247	50.2387344661833	0.203395686097908
AE5	669	90.2867688351743	0.134957800949438	233	48.5972878825579	0.208572050998102
AE6	1383	126.404671916674	0.091398895095209	265	44.4223319947404	0.167631441489586
AE7	841	53.0042827460459	0.0630253064756788	231	22.352122825809	0.0967624364753637
AE9	1442	171.700938173926	0.119071385696204	255	47.4664317394738	0.186142869566564
AF1	1010	205.134096158659	0.203103065503623	245	66.657778962805	0.272072567195122
AF10	975	176.286627954123	0.180806797901665	233	57.9626813072671	0.248766872563378
AF11	1081	161.108425970678	0.149036471758259	253	50.8849917769853	0.201126449711404
AF12	1196	194.453410907281	0.162586463969298	258	60.3407077723659	0.233878712295992
AF13	1291	177.951141734525	0.13783976896555	250	48.5529285184365	0.194211714073746
AF14	1221	169.213327241654	0.138585853596768	240	52.1078674542597	0.217116114392749
AF16	1187	99.9518232212074	0.0842054113068302	263	37.3365034513864	0.141963891450138
AF17	1133	127.930896846759	0.112913412927413	268	44.3750221875111	0.165578440998176
AF18	997	108.454929384995	0.108781273204609	238	37.352346175568	0.156942630989781
AF19	1193	152.809867850026	0.128088740863392	258	49.2686560693072	0.190963783214369
AF2	1054	240.370747841471	0.22805573799001	268	84.1682826976945	0.314060756334681
AF20	1161	173.496049494953	0.149436735137772	269	59.4756625588809	0.22109911731926
AF21	1007	128.891890637809	0.127995919203385	257	48.0076812289966	0.186800316066135
AF22	879	125.539821231295	0.142821184563475	238	46.5310194387987	0.195508485036969
AF23	1209	142.275844407137	0.117680599178773	253	45.6187730374804	0.180311355879369
AF24	1198	135.46941507016	0.113079645300634	239	41.2824645301065	0.172729977113416
AF3	988	188.961618116128	0.191256698498106	250	64.6807101424528	0.258722840569811
AF4	983	159.510494195413	0.16226906835749	241	58.2739715809495	0.241800711954147
AF5	1018	207.170588405905	0.203507454229769	249	69.6856341671452	0.279861984607009
AF6	1130	203.108370502165	0.179741920798376	256	67.0000589600519	0.261718980312703
AF7	1168	161.241430017995	0.138049169535954	273	55.3077767158685	0.202592588702815
AF8	1111	126.810215830987	0.114140608308719	265	48.4776091618803	0.182934374195775
AH1	1093	119.792328020144	0.109599568179455	251	44.2659640772848	0.176358422618665
AH10	809	126.323235896011	0.156147386768864	235	49.78056725952	0.211832201104341
AH11	988	193.475240973413	0.19582514268564	255	69.5557336182336	0.272767582816602
AH12	925	151.351416800613	0.16362315329796	257	59.9146814935532	0.233131056395149
AH13	907	131.770708425683	0.145281927701965	240	48.3274824861203	0.201364510358835
AH14	822	115.52867075022	0.140545828163285	239	44.3485726855367	0.185558881529442
AH15	1064	132.516326011365	0.124545419183613	244	40.8462026102357	0.167402469714081
AH16	879	103.064095561029	0.117251530786154	252	38.4806011593435	0.152700798251363
AH17	1046	123.458314300177	0.118028981166517	264	43.9869798539632	0.166617347931679
AH18	888	100.733541650297	0.113438673029614	258	38.6849589784695	0.149941701466936
AH19	1046	146.873072290926	0.140414027046775	259	51.6159935252898	0.199289550290694
AH2	925	181.890276509598	0.196638136767133	256	70.5417607223476	0.27555375282167
AH20	1116	146.876523843935	0.131609788390623	268	52.1293809531753	0.194512615496923
AH21	1014	130.002834061783	0.128207923137853	270	51.571911873917	0.191007081014507
AH22	1030	160.81927772846	0.156135221095592	260	52.7388330794837	0.202841665690322
AH23	976	98.5105209236347	0.100932910782413	222	34.3708754949406	0.154823763490723
AH24	1011	111.438492638373	0.110226006566146	246	38.5090527081106	0.156540864667116
AH3	1129	201.917407703553	0.178846242430073	275	75.5812195785591	0.274840798467488
AH4	1113	146.242874315949	0.131395215018822	251	52.082248286494	0.207498997157347
AH5	1019	128.659063773725	0.126260121465873	245	47.9665998971596	0.19578204039657
AH6	1009	134.575374321404	0.133374999327457	263	47.1033334086987	0.179100127029272
AH7	1162	157.640686430605	0.135663241334428	263	51.9741875395004	0.197620484941066
AH8	1120	163.602929146843	0.14607404388111	262	56.0294401090109	0.213852824843553
AH9	970	150.814549381208	0.155478916887843	267	55.1620661503497	0.206599498690448
AI1	1210	169.176684746015	0.139815441938855	212	40.8797318289592	0.192828923721506
AI10	1163	171.826029581569	0.147743791557669	239	48.9907897315305	0.204982383813935
AI11	999	189.98259759406	0.190172770364425	189	47.8817130161649	0.253342396910925
AI12	1151	166.42147236405	0.144588594582146	249	52.128293986897	0.209350578260631
AI13	1056	128.853027659591	0.122019912556431	241	46.5610042277392	0.193199187666968
AI14	1098	81.3686864002005	0.0741062717670314	237	24.3465863164394	0.102728212305651
AI15	986	134.016280297731	0.13591914837498	237	44.1639932729405	0.186345963176964
AI16	1057	103.940379798148	0.0983352694400641	215	34.1899044050273	0.159022811186173
AI17	1234	171.359635895046	0.138865183059194	227	48.1317191879986	0.212034005233474
AI18	1083	143.114339770616	0.132146204774346	255	57.0781468323912	0.223835869930946
AI19	1201	153.161873721098	0.127528620916818	247	50.5283241573897	0.204568113997529
AI2	1251	119.121360842426	0.0952209119443855	230	31.2046752092585	0.13567250090982
AI20	1175	152.621891473625	0.129890971466915	246	47.0997837177932	0.191462535438184
AI21	1083	126.148901116922	0.116480979794019	243	39.2075680016059	0.161348016467514
AI22	1216	148.874213199783	0.122429451644559	225	38.4907914630504	0.171070184280224
AI23	1112	135.708043144301	0.122039607144156	238	39.7076248169478	0.166838759735075
AI24	1158	146.127475764758	0.12618953002138	208	35.1162065507176	0.168827916109219
AI3	1216	139.744044807531	0.114921089479877	245	43.913732351071	0.179239723881922
AI4	1197	155.926452610833	0.130264371437621	256	57.4514535217741	0.22441974031943
AI5	1099	138.914356520918	0.126400688372082	257	48.70692846316	0.189521122424747
AI6	1356	91.8123575760803	0.0677082283009442	255	29.075988350996	0.114023483729396
AI7	1195	195.256821297052	0.163394829537282	246	61.7390660114094	0.25097181305451
AI8	1151	128.678268299337	0.111796931624098	233	36.8108276840983	0.157986384910293
AI9	1225	221.335894927424	0.18068236320606	258	67.2317721219423	0.260588264038536
AL1	893	98.2343360439461	0.110004855592325	247	38.9707968436772	0.157776505439989
AL10	819	123.517176298536	0.150814623075136	239	48.8391901290136	0.204348075853613
AL11	1027	116.527571588714	0.113464042442759	238	40.9244338513821	0.1719514027369
AL12	1059	135.032583362365	0.127509521588636	256	48.8197341082002	0.190702086360157
AL13	862	158.386234335601	0.183742731247797	235	54.7496408423561	0.232977195073856
AL14	1061	291.551989550777	0.27478981107519	264	93.3072570652255	0.353436579792521
AL15	1132	206.409425480005	0.182340481872796	262	72.1784019124389	0.275490083635263
AL16	1058	218.753281299219	0.206761135443497	260	77.7663029277458	0.299101165106714
AL17	1034	169.765452051446	0.164183222486891	257	62.7434445649119	0.244137916594988
AL18	972	181.717081042184	0.186951729467267	259	75.3075560589447	0.29076276470635
AL19	1106	205.215763854116	0.185547706920539	254	72.7150037230082	0.286279542216568
AL2	865	136.540394110194	0.15785016660138	246	55.7336555481739	0.226559575399081
AL20	1087	169.337686440793	0.155784440147923	253	54.6249885287524	0.215909045568191
AL21	1173	281.22117482958	0.239745247084041	268	92.0098634573626	0.343320386034935
AL22	1035	148.031039148289	0.14302515859738	245	53.9018468928819	0.220007538338294
AL23	1237	218.0017091334	0.176234203018108	255	63.0940302952296	0.247427569785214
AL24	1115	181.120046366732	0.162439503467921	233	55.7346495628174	0.239204504561448
AL3	1025	181.842647919902	0.17740746138527	254	59.8249283297359	0.235531213896598
AL4	1014	173.185363758538	0.170794244337809	243	57.237577156254	0.235545585005161
AL5	886	177.352761737206	0.200172417310616	246	65.3649455640733	0.265711160829566
AL6	922	100.139394036499	0.108611056438719	245	35.1318992023654	0.14339550694843
AL7	932	89.1810857618829	0.095687860259531	250	35.1857950722998	0.140743180289199
AL8	988	156.280279304115	0.158178420348295	251	55.5432126194179	0.221287699678956
AL9	920	109.929732914721	0.119488840124697	256	40.3488724911071	0.157612783168387
AN1	1214	125.920161580751	0.103723362092876	212	33.6390449740576	0.158674740443668
AN10	1332	144.530391850798	0.108506300188287	216	38.5172403167658	0.178320557022064
AN11	1329	190.780712833055	0.143552078881155	244	49.7191860372616	0.203767155890416
AN12	1174	253.033876175342	0.215531410711535	224	67.812793290331	0.302735684331835
AN13	1005	103.364728646914	0.102850476265586	194	39.844066262276	0.205381784857093
AN14	1322	168.2278208441	0.127252511984947	228	37.5657400450789	0.164762017741574
AN15	1212	132.292281274557	0.109152047256235	218	29.9994000119998	0.137611926660549
AN16	1287	133.294944389349	0.1035702753608	248	40.9267117187909	0.165027063382221
AN17	1124	145.953440852368	0.129851815704954	249	47.5073826472634	0.190792701394632
AN18	1237	153.414233772609	0.124021207576887	266	46.6367445313753	0.17532610726081
AN19	1028	173.891874032726	0.169155519487088	234	56.5743975958144	0.241770929896643
AN2	1007	130.308100472758	0.129402284481388	235	40.4999967600003	0.172340411744682
AN20	1155	142.214738566646	0.123129643780646	256	53.9190524050054	0.210621298457052
AN21	889	112.253351323804	0.126269236584706	225	46.1123592189673	0.204943818750966
AN22	1104	132.991456628826	0.120463275931908	234	43.7250985563721	0.186859395540052
AN23	948	119.180136008371	0.125717443046805	227	43.1163831908193	0.189940014056473
AN24	1106	145.212489435791	0.131295198404875	231	37.8607753281015	0.163899460294812
AN3	1197	140.129030811571	0.117066859491705	240	45.1739740087023	0.188224891702926
AN4	1259	115.362341578664	0.0916301362817033	258	44.2523303277151	0.171520660184942
AN5	1102	103.326066066687	0.0937623104053418	263	43.7682732540836	0.166419289939481
AN6	1157	141.887040889007	0.122633570344864	255	54.7930794148976	0.214874821234892
AN7	1242	174.559063804829	0.140546750245434	224	48.8245013065437	0.217966523689927
AN8	1433	312.176117278324	0.217847953439165	236	64.7195572146774	0.274235411926599
AN9	1400	233.398373680132	0.166713124057237	255	68.6296578948813	0.26913591331326
AO1	1092	147.658577929768	0.135218477957663	259	54.2353466940302	0.209402882988534
AO10	966	103.722389100022	0.107373073602507	236	38.6162410642018	0.16362814010255
AO11	1149	126.721832904591	0.110288801483543	248	38.466036028828	0.15510498398721
AO12	1112	149.337538678423	0.134296347732394	258	52.1818265309104	0.202255141592676
AO13	1060	151.447688453931	0.142875177786727	242	44.8760523434275	0.18543823282408
AO14	1101	162.3972431444	0.147499766706994	248	53.5905680600214	0.216091000242022
AO15	1191	181.673503646187	0.152538626067328	272	61.0438001474818	0.22442573583633
AO16	1120	115.083009374662	0.102752686941662	252	37.9417942522735	0.15056267560426
AO18	926	103.720452636055	0.11200912811669	258	43.9529527593664	0.170360282013048
AO19	1202	221.958831076012	0.184657929347764	269	70.3029212269828	0.261349149542687
AO2	1023	146.534746319047	0.14324022123074	268	56.000322561858	0.208956427469619
AO20	1250	147.577515089801	0.118062012071841	272	48.9070257876966	0.179805241866531
AO21	1028	187.377501958095	0.182273834589586	252	70.571231778508	0.280044570549635
AO22	1098	160.653409547311	0.146314580644181	253	52.5276295331344	0.207619089063772
AO23	1177	184.488229650948	0.156744460196218	252	58.4270503220499	0.231853374293849
AO24	1023	126.663728068175	0.123815960965958	233	42.2073427269995	0.18114739367811
AO3	1207	179.823772702751	0.148984070176265	249	54.7892367640162	0.220037095437816
AO4	1094	149.903462170362	0.137023274378759	259	50.1621239847186	0.193676154381153
AO5	1033	174.374605477455	0.16880407113016	254	52.2047092824149	0.205530351505571
AO6	1100	152.063964185895	0.138239967441723	268	52.167671068227	0.194655489060548
AO7	1125	117.634049881543	0.104563599894704	269	45.4977269335624	0.169136531351533
AO8	959	111.252525432327	0.116008889919007	243	43.0465970804076	0.17714649004283
AO9	985	101.549441376523	0.103095879570074	258	36.3291830874574	0.140810787160688
AP1	1023	123.601449597801	0.120822531376149	264	43.2627746320934	0.163874146333687
AP10	931	126.253380434261	0.135610505299958	257	43.7388684579774	0.170190149641936
AP11	981	133.207585372741	0.13578754879994	257	49.7950436005402	0.193755033465137
AP12	827	110.313665877556	0.133390164301761	242	43.2478064712558	0.178709944096098
AP13	826	104.386312866657	0.126375681436631	220	40.79461380555	0.1854300627525
AP14	792	132.53740205486	0.167345204614722	233	49.7785848545669	0.213641995083978
AP15	795	104.110923942806	0.130957137034976	242	41.0308256386858	0.169548866275561
AP16	887	111.601413320298	0.125818955265274	257	44.3127273242912	0.172423063518643
AP17	909	91.3567389298472	0.100502463069139	252	35.6786071071785	0.141581774234835
AP18	909	98.8128622726563	0.108705019001822	241	38.6711958371231	0.160461393515034
AP19	1002	142.712391716973	0.142427536643685	265	51.088386996575	0.192786366024811
AP2	959	128.504312604731	0.133998240463745	267	52.1591814763969	0.195352739611973
AP20	993	155.83751757068	0.156936070061108	249	51.5370407018933	0.206976067075877
AP21	923	115.795958257873	0.125456076119039	251	43.9767661948839	0.175206239820255
AP22	913	121.136649408732	0.132679791247242	233	43.2502006809312	0.185623178888117
AP23	877	134.03603961033	0.152834708791711	246	51.2095700444499	0.208168983920528
AP24	960	145.141672786807	0.151189242486257	252	50.4365790280669	0.200145154873282
AP3	939	126.710914117877	0.134942400551519	249	45.9643316786174	0.18459570955268
AP4	839	108.984936102132	0.129898612755819	235	43.6100770677282	0.185574796032886
AP5	936	128.641519822372	0.137437521177748	248	47.8421286302607	0.192911808992987
AP7	930	153.052634801108	0.164572725592589	261	62.316167306446	0.238759261710521
AP8	974	150.568395693744	0.15458767525025	259	55.0704461146699	0.212627205075946
AP9	982	87.8010918943788	0.0894104805441739	261	35.7993859689319	0.137162398348398
AQ1	1006	166.34174578989	0.165349647902476	224	49.4131692025505	0.220594505368529
AQ10	1253	179.160097463093	0.142984914176451	245	53.3718179722125	0.217844154988622
AQ11	1194	126.504134155104	0.105949861101427	246	39.5955551613598	0.160957541306341
AQ12	1448	167.910322454983	0.115960167441287	243	46.5587496927123	0.191599792974124
AQ13	1019	162.092418613397	0.159070086961135	206	40.0883868753828	0.194603819783412
AQ14	1133	142.305404474651	0.125600533516903	208	35.8285275335068	0.172252536218783
AQ15	1220	116.38787890074	0.0953999007383113	254	40.6493489600271	0.16003680692924
AQ16	1245	140.030134484941	0.112474003602362	230	42.4055120380768	0.184371791469899
AQ17	1070	160.906741670663	0.150380132402488	241	50.8078447312265	0.210820932494716
AQ18	905	108.939819464931	0.120375491121471	262	48.7711618071081	0.186149472546214
AQ19	1096	113.136249985858	0.103226505461549	238	37.837396060673	0.158980655717114
AQ2	580	98.4829683554526	0.169798221302504	203	46.8415668316739	0.230746634638788
AQ20	1032	135.817526436882	0.131606130268296	248	50.4630489370463	0.203480036036477
AQ21	985	146.038273710774	0.148262206812969	234	48.3474830300335	0.206613175342023
AQ22	1153	135.665698013583	0.117663224643177	248	47.4866277656212	0.191478337764602
AQ23	1060	133.328355741386	0.125781467680553	238	44.1152077473363	0.185358015745111
AQ24	1191	134.737477498841	0.113129704029254	249	48.7688784328414	0.195858949529483
AQ3	1086	137.340753396437	0.126464782132999	246	48.7936263813476	0.198348074720925
AQ4	1244	179.072191163146	0.143948706722786	253	52.1896697855213	0.206283279784669
AQ5	1016	151.425214115253	0.149040565074068	253	55.1226589406748	0.217876122295157
AQ6	1178	161.75000566125	0.137309003108022	258	52.3531702985806	0.202919264723181
AQ7	1090	89.5659276880526	0.0821705758605987	239	33.2190597677323	0.138991881873357
AQ8	1139	120.014593774603	0.105368387861811	248	40.7121035455357	0.164161707844902
AQ9	1096	142.427013277046	0.12995165444986	244	45.8369086122051	0.187856182836906
B1	785	80.3170273704366	0.102314684548327	222	30.2730141508177	0.136364928607287
B10	819	133.874185040899	0.163460543395481	226	46.9069553633413	0.207552899837793
B11	921	284.666712213341	0.309084378081803	194	62.3463163302459	0.321372764588897
B13	1200	242.271537939723	0.201892948283102	244	71.8027664169845	0.294273632856494
B14	1137	241.67431968679	0.212554370876684	243	69.9719552403397	0.287950433087818
B15	1047	209.535543514246	0.200129458943884	253	69.8714365567356	0.276171685995002
B16	1042	200.60421991037	0.192518445211488	252	74.6420168870099	0.296198479710357
B17	1201	167.014613778706	0.139062959016408	261	54.9310505453555	0.210463795192933
B18	1083	178.875516950244	0.165166682317861	262	62.9653136680066	0.240325624687048
B19	1219	133.588755032956	0.109588806425723	259	50.8963871708531	0.196511147377811
B2	1117	184.98375842601	0.165607661974942	256	58.8808863222056	0.230003462196116
B20	1038	176.327659109263	0.169872503958828	245	54.9156056971646	0.224145329376182
B21	1067	226.822175950498	0.212579358903935	256	85.6481164266236	0.334562954791498
B22	1081	232.162922652601	0.214766810964478	241	69.6363312238167	0.28894743246397
B23	985	151.414208709345	0.153720008841975	227	42.7721850769557	0.188423722805972
B24	1100	185.48195631529	0.168619960286627	253	61.9216517724454	0.244749611748796
B3	1353	164.321254625643	0.121449559959825	242	39.5403200551667	0.163389752294077
B4	1276	169.005134375982	0.132449164871459	252	50.7222853432884	0.201278910092414
B5	1297	202.502936292576	0.156131793594893	247	58.5798372886439	0.237165333152405
B6	1260	191.837689967272	0.152252134894661	257	54.2833940583568	0.211219432133684
B7	1197	128.404979031467	0.107272330017934	257	38.0188816974062	0.147933391818701
B8	1211	177.525927661735	0.146594490224389	233	52.7619843571269	0.226446284794536
B9	1114	127.045431446285	0.114044372932033	252	38.5609664303651	0.153019708057004
C1	962	167.337130770621	0.173947121383182	235	51.770767325605	0.220301137555766
C10	572	86.4111546431306	0.151068452173305	199	35.1750026733002	0.176758807403519
C11	721	130.049835096809	0.180374251174492	210	49.1920694513313	0.234247949768244
C12	801	144.714030604123	0.180666704874061	210	47.5344815128895	0.226354673870902
C13	776	99.2520366517921	0.127902109087361	201	32.9528378983998	0.163944467156218
C14	896	151.727109689597	0.169338292064282	239	53.6489896822263	0.224472760176679
C15	745	95.7106323027213	0.128470647386203	205	33.3920142330121	0.162887874307376
C16	953	158.195307927167	0.165997175159671	218	47.2191687159786	0.2166016913577
C17	762	131.636105150921	0.172750794161313	230	64.2306961065921	0.279263896115618
C18	720	125.278745208088	0.173998257233456	230	52.5170365266492	0.228334941420214
C19	713	130.57080332381	0.183128756414881	214	46.4882756568793	0.217234932976072
C2	790	67.8937327295317	0.0859414338348503	219	25.7031349599648	0.1173659130592
C20	763	146.28309289269	0.191720960540878	218	53.400318693102	0.24495559033533
C21	759	114.036788267895	0.150246097849664	203	44.501564675014	0.219219530418788
C22	801	115.061557933494	0.143647388181641	220	43.2195449154799	0.196452476888545
C23	890	116.786138886748	0.131220380771627	219	43.1577675350009	0.197067431666671
C24	892	134.000477041698	0.150224750046747	217	41.432023307999	0.190930982986171
C3	926	118.879772131253	0.128379883511072	220	40.7201936326648	0.185091789239385
C4	1009	145.262271030345	0.143966571883395	242	53.0371174963086	0.21916164254673
C5	1065	177.242112725984	0.166424518991534	218	50.3352326494453	0.230895562612134
C6	958	88.1610314135387	0.0920261288241531	253	35.2130530562113	0.139182027890163
C7	577	59.2786499643143	0.102735961809903	187	33.9832747914786	0.18172874220042
C8	966	117.553292785284	0.121690779280833	234	57.0070825599372	0.243620010939903
C9	658	83.8422558261984	0.127419841681153	221	37.3815006429618	0.169147061732859
D1	1154	188.783254170222	0.16359034156865	257	61.8297653436746	0.240582744527917
D10	1071	143.831498522851	0.134296450534874	243	47.945809728013	0.197307858963017
D11	1000	118.445801570118	0.118445801570118	240	40.5231046533492	0.168846269388955
D12	1044	176.386752649329	0.16895282820817	235	54.8135025389614	0.233248946974304
D13	1101	178.718871640532	0.162324134096759	264	57.7764835845455	0.218850316608127
D14	1071	152.014033935613	0.141936539622421	252	46.5660343620081	0.184785850642889
D15	897	168.829370907998	0.18821557514827	223	54.2513530287445	0.24327960999437
D16	821	72.8482803434942	0.0887311575438419	227	29.0013781454895	0.127759375090262
D17	626	56.2479680421545	0.0898529840928985	225	25.3157378828752	0.112514390590557
D18	973	107.590279003112	0.110575826313578	249	40.2216373102343	0.16153267996078
D19	930	126.019180119214	0.135504494751843	236	46.5259968660089	0.197144054516987
D2	1173	159.724507170033	0.136167525294146	262	51.2160744722696	0.195481200275838
D20	1031	136.941654638625	0.132824107311954	245	44.7497771461098	0.182652151616775
D21	965	93.9821358756128	0.0973908143788733	248	37.0372565170757	0.149343776278531
D22	1046	128.044580000973	0.122413556406284	238	44.5079028232253	0.187007995055568
D23	1046	108.459634577799	0.103689899213957	261	39.2443731417789	0.150361582918693
D24	1310	151.211811457017	0.115428863707646	264	46.5384686982259	0.176282078402371
D3	1054	214.744346855069	0.203742264568377	254	70.8066864170117	0.278766481956739
D4	1022	234.660258877198	0.229608863872013	256	77.4084876858578	0.302376905022882
D5	1089	196.768277805325	0.180687123788178	239	61.235787173797	0.256216682735552
D6	1043	161.994738410896	0.155316144209872	248	58.1203416546164	0.23435621634926
D7	950	158.229851010772	0.166557737906076	258	55.1253329570111	0.213664081228725
D8	982	122.298128594036	0.124539845818774	245	38.9771157557975	0.15909026839101
D9	993	79.2139441890235	0.0797723506435282	255	29.9359609922454	0.117395925459786
F1	1053	178.463712973241	0.169481208901464	234	58.9778432038652	0.252042064973783
F10	1107	124.089493342599	0.11209529660578	241	39.2448659866316	0.162841767579384
F11	1173	116.930071140255	0.0996846301280949	262	38.7297869242043	0.14782361421452
F12	1042	153.951314436323	0.147745983144264	237	53.6478384212943	0.226362187431622
F13	1241	171.267482128238	0.138007640715744	246	55.2300663644477	0.224512464896129
F14	1117	181.16926644564	0.16219271839359	243	55.5624699962662	0.22865213990233
F15	1442	137.549689825449	0.09538813441432	253	40.5038024969784	0.160094081015725
F16	1668	135.494011164707	0.0812314215615746	277	43.2585825027685	0.156168167880031
F17	1095	103.604396970607	0.0946158876443903	257	38.2763984664944	0.148935402593363
F18	1105	174.882042062629	0.158264291459393	263	61.6331300261818	0.234346502000691
F19	1279	174.181434349276	0.136185640617104	269	60.4583224508353	0.22475212807002
F2	1087	163.625951075841	0.150529853795622	254	55.6897058692495	0.219250810508856
F20	1312	187.565178899668	0.142961264405234	273	58.7050143475055	0.215036682591595
F21	1539	187.024257046139	0.121523233948108	275	63.4430814050866	0.230702114200315
F22	1442	97.0598626408824	0.0673091973931223	236	31.7633755574472	0.134590574395963
F23	1569	131.16783974438	0.0835996429218484	259	36.117772833656	0.139450860361606
F24	1660	134.19144288007	0.0808382186024521	259	38.5832240141986	0.148969976888798
F3	983	238.373340325618	0.242495768388218	255	85.6328610966487	0.335815141555485
F4	985	134.246207544637	0.136290566035164	261	53.0625586341273	0.203304822352978
F5	1169	181.356546971346	0.155138192447687	260	57.9068302264389	0.222718577793996
F6	1109	160.827036954837	0.14501987101428	254	53.188547016548	0.209403728411606
F7	1182	137.824576878549	0.116602856919246	266	48.9639233812527	0.184074899929521
F8	1631	176.285384883881	0.108084233527824	273	51.0308226168606	0.18692609017165
F9	1085	135.60425254936	0.124980877925677	253	43.9857415820088	0.173856686094896
G1	913	164.673567586972	0.180365353326366	222	54.4311293806173	0.245185267480258
G10	884	153.053571811205	0.173137524673309	218	51.794363944493	0.237588825433454
G11	762	101.181393955828	0.132783981569328	225	38.8611506631267	0.172716225169452
G12	805	124.329862043585	0.154447033594516	210	42.1163286690903	0.200553946043287
G13	952	184.276089808795	0.193567321227726	191	46.2853249600095	0.242331544293243
G14	882	89.2699326369088	0.101213075552051	229	32.0902017061718	0.14013188517979
G15	887	129.8000041536	0.146335968606088	231	50.0706998281574	0.216756276312369
G16	1117	195.69701405496	0.175198759225568	250	59.7842982519071	0.239137193007628
G17	824	160.258464852113	0.194488428218584	221	52.7168137114324	0.238537618603766
G18	585	128.941416756711	0.2204126782166	214	61.020258725897	0.285141395915407
G19	729	136.519144079574	0.187269059094066	225	53.118028258791	0.236080125594627
G2	827	148.457820164135	0.179513688227491	176	37.1331982675135	0.210984081065418
G20	709	192.329144404568	0.271268186748333	206	63.2959465275844	0.307261876347497
G21	719	159.923748356783	0.222425241108183	220	54.0809483635105	0.245822492561411
G22	844	164.433116829729	0.194825967807736	197	46.5064364908103	0.23607328167924
G23	845	167.858461745057	0.198649067153913	215	53.7595100573291	0.250044232824787
G24	772	139.97642796953	0.181316616540842	211	50.7647197381353	0.240591088806328
G3	927	129.785853341986	0.140006314284774	224	41.1697478105928	0.183793517011575
G4	968	173.26278072902	0.178990475959732	254	64.1634371069989	0.252611957114169
G5	895	106.02677388094	0.118465669140716	249	41.1366889901766	0.16520758630593
G6	951	165.924981997139	0.174474218714132	225	54.2457026554356	0.241092011801936
G7	900	188.963046386649	0.20995894042961	237	65.7548658600737	0.277446691392716
G8	1052	134.817766824583	0.128153770745802	241	46.4045736347774	0.192550098069616
G9	802	179.909829193608	0.22432647031622	224	67.1202203691075	0.299643840933516
H1	1187	186.195468002309	0.15686223083598	272	56.8168905252153	0.208885626930939
H10	1157	157.897063746203	0.136471100904237	267	53.237477480547	0.19939130142527
H11	1042	117.422436609498	0.112689478511994	249	41.1305978743707	0.165183123993457
H12	1251	211.137949090418	0.168775339001133	265	63.4746533014437	0.239526993590353
H13	986	189.571303454368	0.192262985247838	235	64.5451118695879	0.274660050508885
H14	1043	159.464200287036	0.152889933161108	243	50.7490560675571	0.208843852129865
H15	944	197.399849186515	0.209110009731478	229	63.4308476898485	0.276990601265714
H16	1088	156.299820567806	0.143657923315998	255	53.2728721749396	0.208913224215449
H17	952	110.807498565043	0.116394431265801	248	41.2304485213112	0.166251808553674
H18	1141	155.393393916038	0.136190529286624	265	52.3483468392068	0.197540931468705
H19	1007	151.286388158512	0.150234744943905	246	56.8996517741311	0.231299397455818
H2	1072	187.31362294517	0.174732857224972	257	64.8693531228107	0.252409934330003
H20	1104	147.015151381501	0.13316589799049	256	53.9593189902269	0.210778589805574
H21	961	198.375699770281	0.206426326503934	259	71.9577694242803	0.277829225576372
H22	1126	220.534398955549	0.195856482198534	252	66.677690711531	0.264594010760044
H23	893	124.005783629748	0.138864259383817	228	41.7557455905933	0.183139235046462
H24	1051	206.442662614885	0.196424988215876	247	66.6851606845632	0.26998040762981
H3	1009	140.136492944128	0.13888651431529	234	47.4756260136046	0.20288729065643
H4	1017	143.354788766719	0.140958494362555	251	51.8840122529283	0.206709212163061
H5	911	178.221986177103	0.195633354749838	241	63.8631591316654	0.26499236154218
H6	982	121.519381126096	0.123746823957328	253	45.3199041393388	0.179130055886714
H7	937	142.584602573937	0.152171400825974	260	53.2436001192657	0.204783077381791
H8	1008	181.471735777153	0.180031483905905	259	66.554854511088	0.256968550235861
H9	1275	130.117522146002	0.102052958545884	269	44.9163657270163	0.166975337275154
J1	1068	150.696822105415	0.141101893357131	263	51.5234452285168	0.195906635849874
J10	758	107.879054634268	0.142320652551805	212	38.5463404104414	0.181822360426611
J11	888	155.482306113564	0.175092687064825	238	52.789168507249	0.221803229022055
J13	761	145.147571535981	0.190732682701683	244	58.9664363044555	0.241665722559244
J15	803	115.141312933363	0.143388932669194	237	45.4611579866162	0.191819232011039
J16	1024	134.334934605754	0.131186459575931	256	48.0447700385127	0.18767488296294
J17	752	40.5894563204684	0.0539753408516867	225	16.0542092852409	0.0713520412677374
J18	984	128.404319521309	0.130492194635476	266	44.1614968274381	0.166020664764805
J19	789	117.221201095315	0.148569329651857	242	45.2166238013073	0.186845552897964
J2	1131	154.051872346456	0.136208552030466	262	52.4619336209646	0.200236387866277
J20	1016	151.270826210999	0.148888608475392	249	51.0708536595331	0.205103829957964
J21	807	109.348414666684	0.135499894258593	228	39.8457173822957	0.174761918343402
J22	1021	141.537207301055	0.138626060040211	238	45.3157967242117	0.190402507244587
J23	854	145.551085519996	0.170434526370019	234	52.1417755734553	0.222828100741262
J24	991	120.923370859886	0.122021564944386	236	39.2500416050441	0.166313735614594
J3	1112	152.464125191342	0.137108026251207	267	49.8152849235036	0.186574100837092
J4	1091	191.722937348779	0.175731381621245	252	64.0877746161142	0.254316565936961
J5	904	109.72275254886	0.121374726270862	253	44.8325950899342	0.177203933161795
J6	968	108.189279307935	0.111765784409024	245	43.6079471122817	0.177991620866456
J7	772	83.1728098103993	0.107736800272538	237	33.8839704423349	0.142970339419135
J8	1102	139.888313170764	0.126940393076919	269	49.0898737408447	0.182490236954813
J9	842	82.7443315995638	0.0982711776716909	242	32.5844981205261	0.134646686448455
M1	835	78.2175166564202	0.0936736726424194	225	28.7374819528613	0.127722142012717
M10	685	116.128912383058	0.16953125895337	213	49.3663337401119	0.231766825070948
M11	726	123.200958010649	0.169698289270867	208	44.6454083090462	0.214641386101184
M12	749	93.4242413484481	0.124731964417154	215	36.4631343126845	0.16959597354737
M13	593	84.1688494454956	0.141937351510111	208	36.0439332293346	0.173288140525647
M14	751	133.013745640474	0.17711550684484	186	39.8191890264686	0.214081661432627
M15	748	110.407203849237	0.147603213702188	185	36.7299204870681	0.198540110740909
M16	782	77.6445741971551	0.0992897368250065	248	37.2772683217774	0.150311565813618
M17	876	137.079440277229	0.156483379311906	248	57.1329323363256	0.230374727162603
M18	671	95.8423584887577	0.142835109521248	206	35.6443210042003	0.173030684486409
M19	727	129.23235978289	0.177761155134649	226	49.8293841885384	0.220484000834241
M2	723	66.6805362182	0.0922275742990319	208	25.2166615560899	0.121233949788894
M20	734	131.298383454303	0.178880631409132	220	49.0609729772161	0.223004422623709
M21	720	120.619986731801	0.167527759349724	207	41.4125317634119	0.200060539919864
M22	930	84.4389202626388	0.0907945379168159	237	31.6949977686722	0.133734167800304
M23	967	51.9539355625728	0.0537269240564352	211	14.8786497327795	0.0705149276435045
M24	957	171.653781189492	0.179366542517756	233	59.9164046322571	0.257151951211404
M3	675	141.064813639275	0.208984909095222	175	38.9529448426301	0.222588256243601
M4	836	174.636494137453	0.208895327915614	220	59.1800018937601	0.269000008608
M5	868	155.954174425387	0.179670707863349	215	47.068923966743	0.218925227752293
M6	1018	146.230470920609	0.143644863379773	226	45.814396716024	0.202718569539929
M7	912	79.0961524467604	0.0867282373319741	232	28.95750659652	0.124816838778103
M8	999	166.066612639662	0.166232845485147	248	50.5933589133356	0.204005479489256
M9	1083	111.560825193112	0.103010918922541	242	36.5024252211317	0.150836467855916
MMPRNT1	1140	151.518365541087	0.132910846965866	259	50.1028109681066	0.193447146595006
MMPRNT10	1131	125.672662928324	0.111116412845556	259	50.2233936549773	0.193912716814584
MMPRNT100	1270	204.498141111897	0.161022158355825	274	69.2398023619081	0.252700008620103
MMPRNT1000	1237	90.9769100602267	0.0735464107196659	229	21.8774338645174	0.0955346456965826
MMPRNT1001	990	182.971902834601	0.184820103873334	224	54.3516070683178	0.242641102983562
MMPRNT1002	900	118.061802992631	0.131179781102923	256	53.6644213472775	0.209626645887803
MMPRNT1003	1389	160.550753304135	0.115587295395345	244	43.5280721242744	0.178393738214239
MMPRNT1004	1149	147.663810848565	0.128515066012676	248	45.4258033099057	0.183168561733491
MMPRNT1005	1282	213.547450243444	0.166573674136852	248	67.2487720374226	0.271164403376704
MMPRNT1006	997	157.404958885825	0.157878594669834	244	66.9595028926505	0.274424192182994
MMPRNT1007	1286	196.263920018527	0.152615800947533	238	56.9792777762583	0.239408730152346
MMPRNT1008	1375	193.634085795391	0.140824789669375	254	58.6243445798276	0.230804506219794
MMPRNT1009	1010	226.108269683855	0.223869573944411	230	68.4567654452154	0.297638110631371
MMPRNT101	908	154.293367236729	0.169926615899482	236	59.7460077717607	0.253161049880342
MMPRNT1010	1125	222.308181385691	0.197607272342837	236	66.5640692479325	0.28205114088107
MMPRNT1011	1249	136.457668102201	0.10925353731161	238	40.6448550116732	0.170776701729719
MMPRNT1012	1218	186.740665767822	0.153317459579492	208	46.6973748603749	0.224506609905648
MMPRNT1013	1304	238.021564753767	0.182531874811171	220	53.0269928604457	0.241031785729299
MMPRNT1014	1291	229.81532040852	0.178013416273059	227	63.0456601889352	0.27773418585434
MMPRNT1015	917	162.327648619079	0.177020336552976	191	38.5850104951229	0.20201576175457
MMPRNT1016	1343	142.818377868864	0.106342798115312	242	35.7054103694225	0.147543018055465
MMPRNT1017	860	93.5023356883455	0.108723646149239	237	35.4047470684869	0.149387118432434
MMPRNT1018	1048	77.6042030436368	0.074049812064539	245	31.0798378875656	0.126856481173737
MMPRNT1019	1027	102.491780159231	0.0997972542933118	225	32.3432838524215	0.143747928232984
MMPRNT102	1133	229.358850269955	0.202434995825203	264	77.3237328186666	0.292892927343434
MMPRNT1020	670	69.0560044195843	0.103068663312812	210	25.9047492731127	0.123355948919584
MMPRNT1021	1178	106.062984442681	0.090036489340137	257	35.507732163756	0.13816238196014
MMPRNT1022	1037	90.0490407075693	0.0868361048289	239	31.6130761799265	0.132272285271659
MMPRNT1023	1219	133.819007116495	0.109777692466362	260	45.8409429298597	0.176311318960999
MMPRNT1024	1235	97.4784280238783	0.0789299012339096	272	36.5158610293967	0.134249489078664
MMPRNT1025	1116	116.936907860733	0.104782175502449	267	41.6341919969091	0.15593330335921
MMPRNT1026	1318	101.568419534451	0.0770625337894165	265	32.1078412485584	0.121161665088899
MMPRNT1027	1400	99.0546226811313	0.0707533019150938	275	31.2206525865686	0.11352964576934
MMPRNT1028	1127	86.2564196340313	0.0765363084596551	268	31.2951432441297	0.116772922552723
MMPRNT1029	1329	126.084643142635	0.09487181575819	272	44.3191689269443	0.162938121054942
MMPRNT103	1162	187.517345354445	0.161374651768025	268	66.1834393150808	0.24695313177269
MMPRNT1030	1285	100.337736822143	0.0780838418849364	271	34.7684836212627	0.128296987532335
MMPRNT1031	1229	95.7687452953604	0.0779241214771036	265	33.7916380564131	0.127515615307219
MMPRNT1032	1324	85.8601989895972	0.064849092892445	266	31.3575564185155	0.117885550445547
MMPRNT1033	766	74.5260886025762	0.097292543867593	247	31.7085854165874	0.128374839743269
MMPRNT1034	1114	149.241702907527	0.133969212663848	262	50.6830041641156	0.193446580779067
MMPRNT1035	1059	119.690241654598	0.113021946793766	269	45.3353546856809	0.168532917047141
MMPRNT1036	834	133.868450151405	0.160513729198328	247	53.8999874952029	0.218218572855072
MMPRNT1037	1195	137.897558661621	0.115395446578763	264	40.2799618468201	0.152575613056137
MMPRNT1038	861	99.6897654499198	0.115783699709547	219	37.8251449459554	0.172717556830847
MMPRNT1039	1030	125.264621512946	0.12161613739121	253	43.5370169132603	0.172083070803401
MMPRNT104	1192	134.032087281695	0.112443026243033	274	49.674729868819	0.181294634557733
MMPRNT1040	1069	106.049711862933	0.0992045948203301	248	34.8589467578391	0.140560269184835
MMPRNT1041	877	60.3573153066152	0.0688224803952282	248	25.2623750270307	0.101864415431576
MMPRNT1042	1054	71.6970255771969	0.0680237434318756	234	25.8927831634767	0.110652919502037
MMPRNT1043	1263	140.662803128341	0.11137197397335	254	45.8971609852101	0.180697484193741
MMPRNT1044	675	87.1632882176153	0.12913079735943	214	35.0624251417223	0.163843108138889
MMPRNT1045	1187	145.220502811469	0.122342462351701	258	46.8215648890703	0.181478933678567
MMPRNT1046	1007	125.511774259543	0.124639299165386	254	47.9053849485113	0.188603877750044
MMPRNT1047	1049	94.7624778492708	0.0903360132023554	259	34.9524227621362	0.134951439236047
MMPRNT1048	1119	115.6834345949	0.103381085428865	268	47.4529172155387	0.177063123938577
MMPRNT1049	976	115.896073672816	0.118745977123787	248	44.8409580898469	0.180810314878415
MMPRNT105	928	127.244594649619	0.137117020096573	264	50.7488500310583	0.192230492541887
MMPRNT1050	920	56.8895523474905	0.0618364699429245	233	24.4761611980396	0.105047902137509
MMPRNT1051	1234	115.324557903307	0.0934558816072182	267	43.0778986256427	0.161340444290797
MMPRNT1052	1036	93.0552841443101	0.0898217028419982	263	42.0919355218895	0.160045382212508
MMPRNT1053	1191	147.672533204169	0.123990372127766	272	54.4913990775696	0.200336026020476
MMPRNT1054	1032	161.341327258295	0.156338495405324	258	54.4759630260744	0.211147143511916
MMPRNT1055	930	102.433827747275	0.110143900803522	251	38.6047919356134	0.153803951934715
MMPRNT1056	1119	67.4612704846148	0.0602871049907192	262	28.4367521134194	0.108537221806944
MMPRNT1057	995	91.3715973217157	0.0918307510771012	260	37.3319316437399	0.143584352475923
MMPRNT1058	1073	121.983351712158	0.11368439115765	262	42.9959583799123	0.164106711373711
MMPRNT1059	1203	182.693783295942	0.15186515652198	259	55.5118862050742	0.214331606969399
MMPRNT106	962	121.161600496278	0.125947609663491	260	49.0723365498614	0.188739755961005
MMPRNT1060	844	79.5782986796369	0.0942870837436456	237	32.6067675998289	0.137581297889573
MMPRNT1061	1237	96.3673368693722	0.0779040718426614	264	33.3967426153123	0.126502812936789
MMPRNT1062	991	146.838996913444	0.148172549862204	246	46.7347373694699	0.189978607192967
MMPRNT1063	1060	105.491241062255	0.099520038737976	247	36.5185280403866	0.147848291661484
MMPRNT1064	1167	100.026006761758	0.085712088056348	249	31.220106747789	0.125381954810398
MMPRNT1065	931	108.02915923066	0.116035616789108	236	40.7350559373788	0.172606169226181
MMPRNT1066	1101	121.474801267225	0.11033133630084	235	36.200405444541	0.154044278487408
MMPRNT1067	1054	67.210805346754	0.0637673675016641	214	19.6524812436719	0.0918340245031397
MMPRNT1068	1128	180.010872656708	0.159584106965167	195	39.129999248704	0.200666662813867
MMPRNT1069	1047	120.264582080577	0.11486588546378	235	37.3208970152239	0.158812327724357
MMPRNT107	1035	139.593058316396	0.13487252011246	261	52.1046093821644	0.199634518705611
MMPRNT1070	951	129.348034168577	0.136012654225633	204	35.6960297447877	0.174980537964645
MMPRNT1071	1090	108.357388673619	0.099410448324421	254	47.5292399884409	0.187122992080476
MMPRNT1072	1130	169.984191470193	0.15042848802672	227	46.8205126284287	0.206257764882946
MMPRNT1073	983	58.2803564892846	0.0592882568558338	242	24.8810684926053	0.102814332614072
MMPRNT1074	1210	139.003566831525	0.1148789808525	217	35.6121297762988	0.164111197125801
MMPRNT1075	1158	208.636725905588	0.180169884201716	211	49.3673085733243	0.233968287077366
MMPRNT1076	1072	101.477100677461	0.094661474512557	239	34.4491172758189	0.144138566007611
MMPRNT1077	1207	174.319283199108	0.14442359834226	252	60.888880229137	0.241622540591814
MMPRNT1078	1081	124.979690800245	0.11561488510661	222	36.1115123501372	0.162664470045663
MMPRNT1079	1215	166.149940352171	0.136748922100553	254	52.7139236449359	0.207535132460377
MMPRNT108	1152	159.708691346983	0.138636016794256	277	58.0714697192128	0.209644295015209
MMPRNT1080	1145	156.573421974767	0.136745346702853	249	57.178144226151	0.229631101309843
MMPRNT1081	889	162.409375568433	0.182687711550543	202	47.3379055438368	0.234346067048697
MMPRNT1082	1038	91.9345793533322	0.0885689589145782	222	25.5546901033841	0.11511121668191
MMPRNT1083	1187	175.602492150569	0.147938072578407	231	49.0269138146077	0.212237722141159
MMPRNT1084	1162	175.298972397424	0.150859700858368	213	46.4209451304429	0.217938709532596
MMPRNT1085	1093	109.98051145337	0.100622608831995	214	33.895455568481	0.158389979291967
MMPRNT1086	904	134.917808071323	0.149245362910755	226	45.638093569045	0.201938467119668
MMPRNT1087	991	110.244831722289	0.111246046137527	233	38.141967454222	0.163699431134
MMPRNT1088	1028	135.604620320624	0.131911109261307	231	47.7704572206002	0.206798516106494
MMPRNT1089	989	177.698168998067	0.179674589482373	206	51.2767921238847	0.2489164666208
MMPRNT109	808	105.94365069107	0.131118379568156	241	42.8005971539315	0.177595838812994
MMPRNT1090	1071	151.507346591236	0.141463442195365	205	35.9001458981929	0.175122662918014
MMPRNT1091	1149	266.695114145509	0.232110630239781	205	56.2014981071335	0.27415364930309
MMPRNT1092	960	152.720719620031	0.159084082937532	210	40.3028192628131	0.191918186965777
MMPRNT1093	1082	154.757077814954	0.143028722564652	222	42.0268366568156	0.189310075030701
MMPRNT1094	887	106.654380082081	0.120241691186112	217	31.6628038046025	0.145911538270058
MMPRNT1095	890	46.7687909986914	0.0525492033693162	237	18.0115273775216	0.0759980058123275
MMPRNT1096	1040	151.221415371959	0.145405207088422	249	55.9486883389506	0.224693527465665
MMPRNT1097	896	117.318291564111	0.130935593263517	209	40.1060082008766	0.191894776080749
MMPRNT1098	972	146.961137596774	0.151194586004911	188	35.8803605258626	0.190852981520546
MMPRNT1099	1140	92.9784531732616	0.0815600466432119	235	30.7412326004624	0.130813755746648
MMPRNT11	1205	135.404846951901	0.112369167594939	257	49.8731227756587	0.194058843485053
MMPRNT110	973	148.809523809524	0.152938873391083	265	59.7431522398903	0.22544585750902
MMPRNT1100	815	73.3934180782667	0.0900532737156647	233	30.9350808766754	0.132768587453543
MMPRNT1101	1046	78.9638677134117	0.0754912693244854	245	29.3558849155372	0.119819938430764
MMPRNT1102	928	128.520167384666	0.138491559681752	237	48.7768711783321	0.205809583030937
MMPRNT1103	1074	167.07153669058	0.155560090028473	223	45.5509478241223	0.204264340018486
MMPRNT1104	1058	199.800998205787	0.188847824391103	226	52.0382335309398	0.230257670490884
MMPRNT1106	1069	175.641354405612	0.164304353980928	246	58.0714697192128	0.23606288503745
MMPRNT1107	1217	238.652092978855	0.196098679522478	224	63.902990148715	0.285281206021049
MMPRNT1108	1081	167.486232631678	0.154936385413208	219	47.6159639185272	0.217424492778663
MMPRNT1109	1148	192.638140810775	0.167803258545972	218	53.1584632526175	0.243846161709255
MMPRNT111	983	157.738160962329	0.160466084397079	268	65.7756261839613	0.24543144098493
MMPRNT1110	1037	144.530391850798	0.139373569769333	241	49.6254272749288	0.205914635995555
MMPRNT1111	959	187.036150347139	0.195032482113805	218	51.8218489206545	0.237714903305755
MMPRNT1112	892	159.903801872793	0.179264351875329	226	52.7764642302236	0.233524178009839
MMPRNT112	1093	166.760608476108	0.152571462466705	271	69.291233827426	0.255687209695299
MMPRNT113	1096	207.739544468727	0.189543379989714	265	76.8285187461586	0.289918938664749
MMPRNT114	1158	193.346558237917	0.166965939756405	269	66.9404979301998	0.248849434684758
MMPRNT115	1044	149.8190186255	0.143504807112548	252	56.1217617743456	0.222705403866451
MMPRNT116	676	125.703310019559	0.185951642040768	247	54.6789905820907	0.22137243150644
MMPRNT117	947	167.434633519074	0.176805315226055	253	62.9649964991462	0.248873503949194
MMPRNT118	1085	175.613593897076	0.161855846909748	263	62.9919672643345	0.23951318351458
MMPRNT119	1002	155.570352024593	0.155259832359873	256	54.5780028817185	0.213195323756713
MMPRNT12	897	91.4693824536113	0.101972555689645	249	37.4627245890339	0.150452709192907
MMPRNT120	1129	178.707373823659	0.158288196477997	265	57.9941449111298	0.21884582985332
MMPRNT13	1016	122.09624602882	0.120173470500807	256	47.1392153017664	0.184137559772525
MMPRNT14	874	131.350466688208	0.150286575158133	258	54.436107252196	0.210992663768201
MMPRNT153	1124	163.846325254617	0.145770752005887	264	51.9895355462852	0.196930058887444
MMPRNT154	1176	192.678969861156	0.163842661446561	263	62.1538033155325	0.236326248348032
MMPRNT155	1229	188.509942014342	0.153384818563338	268	62.4123107034616	0.2328817563562
MMPRNT156	1120	134.040710844698	0.119679206111337	259	52.3426475329863	0.202095164220024
MMPRNT157	1070	174.464655205502	0.16305107963131	256	62.2516160519527	0.24317037520294
MMPRNT158	1158	177.757552918423	0.153503931708483	273	67.8687581103166	0.248603509561599
MMPRNT159	960	131.227396081025	0.136695204251068	263	52.4496064181534	0.199428161285755
MMPRNT16	1070	144.442711131911	0.134993187973748	252	49.0815853744729	0.194768195930448
MMPRNT160	1220	120.535660475152	0.0987997217009439	275	45.6874684756468	0.166136249002352
MMPRNT161	840	122.19411757518	0.1454691875895	256	47.8104716407406	0.186759654846643
MMPRNT162	921	115.976452141157	0.125924486581061	262	46.5870338967259	0.177813106476053
MMPRNT163	1018	99.2473084129958	0.0974924444135519	257	39.1696043869957	0.152410912011656
MMPRNT164	958	87.4466793872436	0.0912804586505675	264	37.8710988981025	0.143451132189782
MMPRNT165	898	91.821630972538	0.102251259434898	260	39.3216542777241	0.1512371318374
MMPRNT166	968	127.057699442471	0.131257953969495	268	46.3575913337264	0.172976087066143
MMPRNT167	912	114.402601057538	0.125441448528002	259	48.7694492563634	0.188299031877851
MMPRNT168	1207	176.53497157787	0.146259297081913	270	60.2113659791331	0.223005059181975
MMPRNT169	974	184.667432420953	0.189596953204264	263	72.0884900633225	0.27410072267423
MMPRNT17	1057	122.055115207823	0.11547314589198	266	46.7439999401677	0.175729323083337
MMPRNT170	1011	176.146271864156	0.174229744672756	256	67.3339007336702	0.263023049740899
MMPRNT171	1038	110.263065621961	0.106226460136764	263	44.9470523723054	0.170901339818652
MMPRNT172	1081	172.666243058817	0.159728254448489	263	62.5206318084968	0.237721033492383
MMPRNT173	900	136.164094073049	0.151293437858944	253	50.3062645385105	0.198838990270792
MMPRNT174	968	102.189094788561	0.105567246682397	247	39.1979780115023	0.158696267253046
MMPRNT175	1016	191.023427113101	0.188015184166438	254	62.7749542998333	0.247145489369422
MMPRNT176	1153	175.210515434294	0.151960551113872	252	60.7140948985589	0.240928948010154
MMPRNT177	821	86.9033217925722	0.105850574655995	228	31.0286878836697	0.136090736331885
MMPRNT178	923	92.7981232507554	0.10053967849486	238	30.5842571817953	0.128505282276451
MMPRNT179	1104	96.6994542282803	0.0875900853517032	232	29.6769720941496	0.127917983164438
MMPRNT18	1045	129.062233809143	0.123504529960902	262	49.3458711322706	0.188343019588819
MMPRNT180	1046	157.145236770728	0.150234451979664	237	48.396901049632	0.204206333542751
MMPRNT181	898	67.6935324245251	0.0753825528112752	241	27.5524598836184	0.114325559683064
MMPRNT182	1059	138.920917878289	0.131181225569678	246	49.3439231971704	0.200585053647034
MMPRNT183	875	109.163631917699	0.124758436477371	247	40.6027395480428	0.16438356092325
MMPRNT184	1039	99.4797210588622	0.0957456410576152	245	36.7680582641358	0.150073707200554
MMPRNT185	1055	108.386280031129	0.102735810456046	243	37.2569357511594	0.1533207232558
MMPRNT186	1118	260.371915243734	0.232890800754682	209	61.3843396272743	0.293704974293178
MMPRNT187	1141	146.501686234409	0.128397621590192	265	53.9872849146569	0.203725603451535
MMPRNT188	1179	206.128616011246	0.174833431731337	256	67.0237693095479	0.261811598865422
MMPRNT189	809	164.334756472324	0.203133197122774	226	65.1713746467712	0.288368914366244
MMPRNT19	1145	142.463130541816	0.124421948071455	253	49.9874031744001	0.197578668673518
MMPRNT190	925	156.763891632257	0.169474477440278	226	56.1878562310085	0.248618832880569
MMPRNT191	898	155.732675518512	0.173421687659813	234	55.8846540739913	0.23882330800851
MMPRNT192	1049	184.582898025332	0.175960817945979	237	53.4940150895918	0.22571314383794
MMPRNT193	900	147.435651709811	0.163817390788679	227	48.588031796008	0.214044192933956
MMPRNT194	983	95.061190888575	0.0967051789303916	224	24.2704308486884	0.108350137717359
MMPRNT195	1019	140.903416344233	0.138276169130748	224	48.2011336906644	0.215183632547609
MMPRNT196	1156	128.162407402661	0.110867134431367	231	40.0775902146556	0.173496061535306
MMPRNT197	912	140.755066478618	0.154336695700239	228	46.686386996534	0.204764855247956
MMPRNT198	981	144.496977123239	0.147295593397797	205	43.530497466525	0.21234389008061
MMPRNT199	1049	59.989513832982	0.0571873344451687	233	18.0602431920107	0.0775117733562692
MMPRNT2	1196	166.258225625713	0.13901189433588	265	61.9391410775428	0.233732607839784
MMPRNT200	1421	188.231042310574	0.13246378769217	236	43.0562348872616	0.182441673251108
MMPRNT21	1205	187.635566696939	0.155714163233974	259	54.6773163498298	0.211109329536023
MMPRNT22	933	136.91990459421	0.146752309318554	261	55.8232590958418	0.213882218758015
MMPRNT23	764	69.6113182434558	0.0911142908945757	202	26.0980493274011	0.129198263997035
MMPRNT233	1144	242.237499333847	0.211746065851265	236	71.1922132804802	0.301661920680001
MMPRNT234	1094	169.738365283752	0.155153898796848	267	62.8213311086206	0.23528588430195
MMPRNT235	1070	175.193325835059	0.163732080219681	257	69.2635895162631	0.269508130413475
MMPRNT236	1083	158.751325573569	0.146584788156573	241	56.6102677439223	0.234897376530798
MMPRNT237	777	120.700643093026	0.155341883002608	222	46.5185515983774	0.209543025217916
MMPRNT238	1169	161.932830262007	0.138522523748509	260	54.6584285483159	0.21022472518583
MMPRNT239	1016	174.58953999148	0.171840098416811	252	64.3600041190403	0.255396841742223
MMPRNT24	1040	96.7101152977995	0.0929904954786533	235	33.1023232534552	0.140860950014703
MMPRNT240	1251	119.434358876362	0.0954711102129189	267	42.6116510480762	0.159594198681933
MMPRNT241	1159	124.992500449973	0.107845125496094	276	46.9986652379072	0.170285018977925
MMPRNT242	1052	109.797445672224	0.104370195505916	258	42.0994490024115	0.163176158924075
MMPRNT243	981	34.7814956877902	0.0354551434126301	259	15.3637207244302	0.0593193850364099
MMPRNT244	1270	127.573150444465	0.100451299562571	271	48.3222514303386	0.178310890886858
MMPRNT245	1094	172.30328134369	0.15749842901617	268	60.8536056978448	0.227065692902406
MMPRNT246	1097	143.021004064657	0.130374661863862	266	54.1880890245277	0.203714620392961
MMPRNT247	964	125.399711580663	0.130082688361684	263	51.6106656537213	0.19623827244761
MMPRNT248	1212	170.561146170902	0.140727018292824	270	61.127982434263	0.226399934941715
MMPRNT249	906	88.9375871588354	0.0981651072393327	220	29.3658158410957	0.13348098109589
MMPRNT25	1050	123.730831001007	0.117838886667626	217	36.123931092879	0.166469728538613
MMPRNT250	1058	158.560021310467	0.149867695000441	261	63.3395659466225	0.242680329297404
MMPRNT251	1169	150.191644538431	0.128478737842969	271	42.3830820299123	0.156395136641743
MMPRNT252	1130	166.837396936198	0.14764371410283	259	56.9502027427218	0.219884952674601
MMPRNT253	908	98.9515098021366	0.108977433702794	263	38.2454809139752	0.145420079520818
MMPRNT254	1041	111.381148517851	0.106994378979684	254	36.3289719191579	0.143027448500621
MMPRNT255	1145	90.4589343575697	0.0790034361201482	253	32.2277911845389	0.127382573851932
MMPRNT256	1064	110.31609975223	0.103680544879915	235	36.7900260767705	0.156553302454342
MMPRNT257	963	52.6189503992726	0.0546406546202208	190	13.863426395742	0.0729654020828528
MMPRNT258	1070	52.2827703176074	0.0488624021659882	191	12.4844194445332	0.0653634525891792
MMPRNT259	993	43.3956205139777	0.043701531232606	226	12.0243758146515	0.0532052027196967
MMPRNT26	1018	64.8752449040495	0.0637281384126223	234	23.2446997435645	0.0993363236904465
MMPRNT260	1012	66.3838713746108	0.0655967108444771	215	20.2962934097123	0.0944013646963365
MMPRNT261	1007	86.3054037539398	0.0857054654954715	227	25.3435058786796	0.111645400346606
MMPRNT262	1008	85.96353083168	0.0852812805869841	243	31.6526213434892	0.130257701002013
MMPRNT263	987	78.104497569388	0.0791332295535846	214	21.4746744868841	0.100348946200393
MMPRNT264	864	93.2427014275458	0.107919793318919	262	42.1191669165737	0.160760179070892
MMPRNT265	934	97.2842138851813	0.104158687243235	259	43.6129680543732	0.168389838047773
MMPRNT266	1071	56.8471221712872	0.0530785454447126	258	22.5911916040288	0.0875627581551505
MMPRNT267	1112	124.866704792634	0.112290202151649	264	47.558896937968	0.180147336886242
MMPRNT268	981	141.347551012331	0.144085169227657	252	51.847857646522	0.205745466851278
MMPRNT269	1044	210.217406842156	0.201357669389038	236	58.8495616884645	0.249362549527392
MMPRNT27	1024	75.5987039358197	0.073826859312324	228	23.8606537819136	0.104651990271551
MMPRNT270	1042	118.674641602582	0.113891210751039	246	35.6023924807747	0.144725172686076
MMPRNT271	962	143.700872264295	0.14937720609594	242	49.2820589649979	0.20364487175619
MMPRNT272	1072	147.857689930596	0.137926949562123	250	51.0670980815113	0.204268392326045
MMPRNT273	985	207.594642397469	0.21075598212941	236	66.2184998596168	0.280586863811936
MMPRNT274	996	122.768679254549	0.123261726159185	245	51.3747893633636	0.209693017809647
MMPRNT275	1025	134.993938772149	0.131701403680145	233	45.4135906527931	0.19490811438967
MMPRNT276	1069	195.745280581285	0.183110646006815	215	54.7019618311591	0.254427729447252
MMPRNT277	699	126.731468690991	0.181303960931317	172	37.384183798592	0.217349905805767
MMPRNT278	1073	207.239282620499	0.193140058360204	232	60.5922529169111	0.261173503952203
MMPRNT279	811	144.246442161504	0.177862444095566	210	50.8997031529312	0.242379538823482
MMPRNT28	891	71.3497808848229	0.0800783174913837	212	20.8539439813015	0.0983676602891581
MMPRNT280	1236	209.491647568011	0.169491624245964	235	57.212951181333	0.243459366729077
MMPRNT281	1104	142.708725782329	0.129265150165153	266	53.7477210966255	0.202059101867013
MMPRNT282	1247	143.607182656848	0.115162135250078	267	48.6599061837009	0.182246839639329
MMPRNT283	1302	193.697846854734	0.148769467630364	270	61.0891461692218	0.226256096923044
MMPRNT284	950	124.07748390715	0.130607877797	247	43.9300914097342	0.177854621092041
MMPRNT285	1086	131.13240701401	0.120748072756915	253	46.4530322681343	0.183608823194207
MMPRNT286	1194	158.654608916389	0.132876556881398	261	51.6343298070528	0.197832681253076
MMPRNT287	1120	150.522614517605	0.134395191533576	257	48.1723413684799	0.187441016997976
MMPRNT288	1148	151.24062686215	0.131742706325915	265	53.6229832396004	0.202350880149435
MMPRNT289	973	95.416387573733	0.098064118780815	264	40.5910050332846	0.15375380694426
MMPRNT29	1020	94.6948175420256	0.0928380564137506	241	36.3413293949023	0.150793897904159
MMPRNT290	1146	129.872153851748	0.11332648678163	274	52.2125594178926	0.190556786196688
MMPRNT291	1122	129.180941160665	0.115134528663694	267	48.9861819777877	0.183468846358755
MMPRNT292	864	96.893591457861	0.112145360483635	258	41.761465192654	0.161866144157574
MMPRNT293	969	114.348181063484	0.118006378806485	254	48.8399534262204	0.192283281205592
MMPRNT294	1093	155.949310236201	0.142680064260019	267	56.6264241545675	0.212083985597631
MMPRNT295	1228	186.670250735481	0.152011604833453	269	58.0817233079632	0.215917187018451
MMPRNT296	1032	115.774508305663	0.112184601071379	272	45.7193853851584	0.168085975680729
MMPRNT297	778	187.924003532971	0.241547562381711	248	73.030228672252	0.294476728517145
MMPRNT298	1141	227.598607096525	0.199472924712116	263	77.4924677321364	0.294648166281888
MMPRNT299	997	206.365977679456	0.206986938494941	251	70.5357898597749	0.281019083106673
MMPRNT3	1178	214.495613564703	0.182084561599917	260	68.3164637212251	0.26275562969702
MMPRNT30	716	70.0347792713862	0.097813937529869	178	26.5827361078621	0.149341214089113
MMPRNT300	659	75.6396466720825	0.114779433493297	219	32.5350532663892	0.148561887061138
MMPRNT301	943	178.34467605473	0.189124789029407	241	57.9559627412707	0.240481173200293
MMPRNT302	846	119.036849046991	0.140705495327412	211	39.0370039567907	0.185009497425548
MMPRNT303	921	120.485992298535	0.130820838543469	247	45.8830093381101	0.185761171409352
MMPRNT304	861	98.3127564734035	0.114184386147971	240	36.6866927093269	0.152861219622196
MMPRNT305	1353	184.768429727023	0.136562032318568	266	58.3967522062293	0.219536662429433
MMPRNT306	1435	271.584150348986	0.189257247629955	269	80.8658467948013	0.300616530835693
MMPRNT307	1427	207.241000559551	0.145228451688543	265	65.2840377916238	0.246354859591033
MMPRNT308	1509	251.980567258653	0.166985134034893	259	74.5094299134498	0.287681196577026
MMPRNT309	1064	219.64408871864	0.206432414209248	262	79.088895919013	0.301866014958065
MMPRNT31	763	99.9512238027842	0.130997672087528	231	40.3526498778122	0.174686796007845
MMPRNT310	1261	287.632382804186	0.228098638226951	262	88.5953037401393	0.338150014275341
MMPRNT311	1096	218.987053485398	0.199805705734852	245	63.5004495831831	0.259185508502788
MMPRNT312	1297	168.326931299046	0.12978175119433	275	60.7686997442853	0.220977089979219
MMPRNT313	1297	152.290912192106	0.11741781973177	267	52.3553630739718	0.196087502149707
MMPRNT314	1345	164.947365295734	0.122637446316531	268	49.2622485654833	0.183814360318968
MMPRNT315	1350	176.560530246584	0.130785577960433	266	60.345077289975	0.226861192819455
MMPRNT316	1349	160.545082664663	0.119010439336296	264	53.4149228474854	0.202329253210172
MMPRNT317	1036	117.155007790808	0.113083984354062	257	47.8454248290961	0.1861689682066
MMPRNT318	1200	159.28994912279	0.132741624268992	269	59.3502806081267	0.22063301341311
MMPRNT319	1270	232.621975332766	0.183166909710839	267	67.0367093020138	0.251073817610538
MMPRNT32	944	119.304976926417	0.126382390811883	253	50.9833671862891	0.201515285321301
MMPRNT320	1358	170.096376606986	0.125255063775394	271	56.6880569601596	0.209181021993209
MMPRNT321	1287	148.500589547341	0.115385073463357	269	49.0126884047742	0.182203302619979
MMPRNT322	1251	181.148918903252	0.144803292488611	270	58.4866463289102	0.216617208625593
MMPRNT323	1258	149.304093619639	0.118683699220699	250	42.1262642091889	0.168505056836756
MMPRNT324	1208	160.195823374493	0.132612436568289	255	50.7502923216838	0.199020754202681
MMPRNT325	978	123.627120823258	0.126408099001286	236	41.3178066524974	0.175075451917362
MMPRNT326	1030	99.4027880493992	0.0965075612130089	232	33.5715571025329	0.144704987510918
MMPRNT327	1173	121.660125407257	0.103717071958446	245	34.7328350329267	0.141766673603783
MMPRNT328	1135	164.748445598416	0.145152815505212	263	58.6034561974327	0.222826829648033
MMPRNT33	985	119.305261600647	0.121122092995581	253	51.6755272970805	0.204251096035891
MMPRNT34	1244	192.865518731099	0.155036590619855	224	47.2323719341467	0.210858803277441
MMPRNT35	1052	73.291430179652	0.0696686598665893	224	22.852546230701	0.102020295672772
MMPRNT36	1027	133.540944989143	0.130030131440256	241	48.6233750068073	0.201756742766835
MMPRNT37	1100	112.855353293683	0.10259577572153	233	34.5662898480189	0.148353175313386
MMPRNT377	1089	124.591340403477	0.11440894435581	233	36.5198083440458	0.156737374867149
MMPRNT378	1310	161.967975691846	0.123639676100646	240	43.59273919336	0.181636413305666
MMPRNT379	1196	118.161408483989	0.0987971642842718	251	39.4151423517281	0.157032439648319
MMPRNT38	906	107.429617486104	0.118575736739629	240	43.7400928689652	0.182250386954022
MMPRNT380	1286	192.040313102526	0.149331503190145	249	53.03734253213	0.213001375631044
MMPRNT381	1284	171.227012773535	0.133354371318953	245	57.7660705208189	0.235779879676812
MMPRNT382	1127	140.428531707358	0.124603843573521	225	41.2247374808717	0.183221055470541
MMPRNT383	1182	189.097400288941	0.159980880109087	204	42.9146239305676	0.210365803581214
MMPRNT384	1053	105.900119243534	0.100569913811524	242	38.3667430932189	0.158540260715781
MMPRNT385	1195	249.350442098334	0.208661457822874	245	77.8607600455953	0.317799020594266
MMPRNT386	1348	175.505103688415	0.130196664457281	255	51.6102394715111	0.20239309596671
MMPRNT387	1401	192.161354045765	0.137160138505186	254	52.7873850818627	0.207824350715995
MMPRNT388	1087	191.473310535244	0.176148399756435	241	68.2698241915488	0.283277278803107
MMPRNT389	1212	164.097986189513	0.135394378044153	246	57.9519323492323	0.235576960769237
MMPRNT39	762	128.160764863445	0.168189980135754	199	45.1477052324384	0.226872890615269
MMPRNT391	1391	182.087008456121	0.130903672506197	223	42.2853006146591	0.189620182128516
MMPRNT392	1320	212.550693340362	0.161023252530577	248	59.3198621880962	0.239192992693936
MMPRNT393	1225	228.291738578564	0.186360602921277	241	64.3944857713944	0.267197036395827
MMPRNT394	1326	250.597675455962	0.188987688880816	235	67.1833514280493	0.285886601821486
MMPRNT395	1411	148.901257620022	0.10552888562723	236	34.1709311988803	0.144792081351188
MMPRNT396	1404	234.676779671359	0.167148703469629	261	63.5909019224801	0.243643302384981
MMPRNT397	1317	241.517891645413	0.183384883557641	234	54.4807116488478	0.232823554054905
MMPRNT398	1440	247.522301759389	0.171890487332909	242	67.2361117087654	0.27783517235027
MMPRNT399	1313	206.558650263156	0.15731808854772	235	59.1811226422241	0.251834564434996
MMPRNT4	1016	177.289247407145	0.174497290755064	245	63.9461420013608	0.261004661230044
MMPRNT40	947	177.432061263742	0.187362261102156	237	58.2976163270636	0.24598150348972
MMPRNT400	1268	162.001036806636	0.127761070036779	240	49.295080350981	0.205396168129087
MMPRNT41	958	110.23778289771	0.115070754590512	235	40.7314720679857	0.173325413055258
MMPRNT42	1046	197.896753305865	0.189193836812491	237	63.0440703269213	0.26600873555663
MMPRNT43	1060	161.270033769945	0.152141541292401	231	56.4160889659157	0.244225493358942
MMPRNT44	989	186.670250735481	0.188746461815451	223	61.6200654651576	0.276323163520886
MMPRNT45	1040	169.407682977238	0.162892002862729	237	60.1189875000601	0.253666613924304
MMPRNT46	772	71.2204043609678	0.0922544097939998	224	31.8126059359778	0.142020562214186
MMPRNT47	680	138.27280671674	0.203342362818735	177	43.5235253359146	0.245895623366749
MMPRNT48	926	149.307660378823	0.161239374059205	204	43.1608969179667	0.21157302410768
MMPRNT49	1203	213.878123689996	0.177787301487944	268	69.8179705870854	0.260514815623453
MMPRNT5	1103	168.308232965524	0.152591326351336	243	56.7944314195882	0.233721939998305
MMPRNT50	1117	172.018151355331	0.154000135501639	268	60.3908495784719	0.225338990964447
MMPRNT51	1212	149.337984713764	0.123216159004756	262	51.1324822161227	0.195162145863064
MMPRNT52	984	171.848470892306	0.174642754971856	240	59.9874266353772	0.249947610980738
MMPRNT53	981	161.465330164307	0.164592589362189	231	53.0945635414499	0.229846595417532
MMPRNT54	1008	146.844603167144	0.145679169808675	238	49.3760838050395	0.207462536995964
MMPRNT55	773	163.175792544824	0.211094168880756	241	67.4290646240155	0.279788649892181
MMPRNT56	886	115.153511145708	0.12997010287326	244	44.6350460098054	0.182930516433629
MMPRNT57	1141	100.288630679094	0.0878953818396971	265	38.8435196579284	0.146579319463881
MMPRNT58	1000	133.039581936418	0.133039581936418	257	50.8504224653098	0.197861566012879
MMPRNT59	1144	105.516619922804	0.0922348076248287	270	40.3624222619747	0.149490452822129
MMPRNT6	887	135.643983375473	0.152924445744615	226	49.9848046193957	0.221171701855733
MMPRNT60	906	85.6760007813651	0.0945651222752374	259	38.3147634446505	0.147933449593245
MMPRNT61	1232	137.111016047473	0.111291409129443	268	46.3992338558506	0.173131469611383
MMPRNT62	907	119.472885628607	0.131723137407505	258	51.0787839163125	0.197979782621366
MMPRNT63	810	141.418312540127	0.174590509308799	244	60.6908070420757	0.248732815746212
MMPRNT64	962	91.2636918353676	0.0948687025315672	253	34.3620884452667	0.135818531404216
MMPRNT65	1181	136.719230653545	0.115765648309522	266	51.7847081828125	0.194679354070724
MMPRNT66	1054	155.552444506665	0.147582964427576	253	54.6919095352063	0.216173555475124
MMPRNT67	1327	191.30115392856	0.14416062843147	268	54.4840361774	0.203298642452985
MMPRNT68	973	122.834127251242	0.126242679600455	225	43.4231323710767	0.192991699427008
MMPRNT69	1056	141.16836586323	0.133682164643211	261	50.264390695056	0.192583872394851
MMPRNT7	693	84.6378852716538	0.122132590579587	226	37.9272888360267	0.167819862106313
MMPRNT70	788	109.145283286583	0.13850924274947	235	46.4281867378813	0.197566752076091
MMPRNT71	692	161.141656407315	0.232863665328489	217	58.4368834908792	0.269294393967185
MMPRNT72	977	101.982124573205	0.104382932009422	220	32.4377066281912	0.147444121037233
MMPRNT73	1147	186.627051964436	0.162708850884426	230	49.7769990442816	0.216421734975138
MMPRNT737	1283	259.190909656417	0.202019415164783	268	80.8548622879986	0.301697247343278
MMPRNT738	1437	218.423593242848	0.151999716940047	274	63.928808878433	0.233316820724208
MMPRNT739	1218	78.4396163989	0.064400341871018	247	27.9632674518752	0.113211609116904
MMPRNT74	995	62.2651048917957	0.0625779948661263	231	21.6231177076036	0.093606570162786
MMPRNT740	1395	185.098120513684	0.132686824740992	272	60.4793837876545	0.222350675689906
MMPRNT741	1079	135.59469119665	0.125666998328684	242	45.3519675497602	0.187404824585786
MMPRNT742	1213	145.891264322875	0.120273095072444	266	48.8972687941542	0.183824318775016
MMPRNT743	1155	129.772042430267	0.112356746692872	274	47.8227268901455	0.174535499599071
MMPRNT744	1270	109.602013169778	0.0863007977714787	266	39.9745442102469	0.150280241391906
MMPRNT745	1203	159.931932969328	0.132944250182318	250	49.1750395367318	0.196700158146927
MMPRNT746	1391	119.225321550692	0.0857119493534811	276	34.7324489988719	0.125842206517652
MMPRNT747	1241	121.874824804939	0.0982069498831099	269	45.604459751328	0.169533307625755
MMPRNT748	1312	144.558806522493	0.110182017166535	271	49.3901306665297	0.182251404673541
MMPRNT749	1170	148.542500980381	0.126959402547334	264	52.0861546667111	0.197296040404209
MMPRNT75	1115	137.799127455925	0.123586661395448	201	33.5030822835701	0.166682001410796
MMPRNT750	1123	182.601709151998	0.162601700046302	260	61.9075447962994	0.238105941524229
MMPRNT751	1265	138.984247525385	0.109868970375799	268	46.1196750223219	0.17208833963553
MMPRNT752	1292	134.67578152356	0.104238220993468	267	39.4255849968302	0.147661367029327
MMPRNT753	1187	124.573025953544	0.104947789345867	255	39.0446858620754	0.153116415145394
MMPRNT754	1417	178.16800530228	0.12573606584494	275	59.1584357563051	0.215121584568382
MMPRNT755	1229	156.496481959086	0.127336437720981	249	49.6216842790565	0.199283872606653
MMPRNT756	1306	220.575260278807	0.168893767441659	267	70.306875449964	0.263321630898742
MMPRNT757	1071	86.6172832662338	0.0808751477742613	259	33.7004434978364	0.130117542462689
MMPRNT758	1247	181.460539591061	0.145517674090666	268	62.6506748730697	0.233771174899514
MMPRNT759	1123	127.560131846152	0.113588719364339	261	44.290588781371	0.16969574245736
MMPRNT76	805	54.2663675504487	0.067411636708632	202	17.2312307096372	0.0853031223249368
MMPRNT760	1216	154.53991920653	0.127088749347476	266	55.747077738185	0.20957548021874
MMPRNT761	980	155.863750144174	0.159044643004259	252	53.9921819320562	0.214254690206572
MMPRNT762	1085	117.086969859472	0.107914257934997	245	41.6088303924212	0.169831960785393
MMPRNT763	1247	247.146691447242	0.198193016397146	267	78.433833218297	0.293759674974895
MMPRNT764	847	133.411601472864	0.157510745540572	244	48.654413539161	0.199403334176889
MMPRNT765	1167	199.226205418156	0.170716542774769	262	73.5039015870962	0.280549242698841
MMPRNT766	1143	207.418100962835	0.181468154823128	265	71.4649164432197	0.269678929974414
MMPRNT767	1115	147.954820516007	0.132694906292383	266	59.1701971550969	0.222444350207131
MMPRNT768	1149	180.869766533305	0.157414940411928	262	60.7279581802989	0.231786099924805
MMPRNT769	788	102.724035986284	0.130360451759244	250	43.1177217285722	0.172470886914289
MMPRNT77	956	179.896883106603	0.18817665596925	181	42.7755515479617	0.236329014077136
MMPRNT770	1130	109.49160856312	0.0968952288169201	258	41.3234069000172	0.160168243798516
MMPRNT771	1199	89.8894180379297	0.074970323634637	262	33.1736574620825	0.126617013214055
MMPRNT772	839	112.179559089461	0.133706268283029	256	44.1593126691302	0.17249731511379
MMPRNT773	1281	120.331440920872	0.0939355510701581	269	37.6231782857074	0.139863116303745
MMPRNT774	823	84.0073523234753	0.102074547173117	246	34.889205837941	0.14182603999163
MMPRNT775	1121	118.782056307446	0.105960799560612	270	43.5649361512296	0.161351615374924
MMPRNT776	1073	106.894023127591	0.0996216431757603	239	38.8261458372159	0.162452493042745
MMPRNT777	1010	86.6348428010777	0.085777072080275	252	29.1400423812776	0.115635088814594
MMPRNT778	1017	127.389508709621	0.125260087226766	249	45.8606204024728	0.184179198403505
MMPRNT779	996	89.7390567707221	0.0900994545890784	249	29.3053002738287	0.1176919689712
MMPRNT78	770	71.7294251316952	0.0931550975736302	196	22.2700880648362	0.113622898289981
MMPRNT780	743	70.6360351145858	0.0950686879065757	213	25.8063983351776	0.12115679969567
MMPRNT781	1097	161.896127444632	0.147580790742599	254	52.0651105446427	0.204980750175759
MMPRNT782	976	102.76605102951	0.10529308507122	249	32.3036647861627	0.129733593518726
MMPRNT783	972	80.3140601006175	0.0826276338483719	230	28.708903205062	0.124821318282878
MMPRNT784	1035	75.0277602713004	0.0724905896341067	231	25.4577299851327	0.110206623312263
MMPRNT785	786	111.034867168988	0.14126573431169	219	42.5491357419548	0.194288291059154
MMPRNT786	1069	202.513598788159	0.189442094282655	204	46.4846451920002	0.227865907803922
MMPRNT787	1152	179.87617324234	0.156142511495087	215	45.3024938116793	0.210709273542695
MMPRNT788	1019	181.086591986556	0.177710100084942	226	51.4988217069593	0.22787089250867
MMPRNT789	1158	159.944211459043	0.138121080707291	252	48.9911737501372	0.194409419643401
MMPRNT79	772	124.558440329034	0.161345129959888	241	60.0750698072311	0.249274148577723
MMPRNT790	883	118.01053125981	0.133647260769886	189	30.738586762735	0.162638025199656
MMPRNT791	1132	132.607000588775	0.117143993452982	258	48.9324888238196	0.189660809394649
MMPRNT792	1030	160.377207191314	0.155706026399334	231	49.7356055210501	0.215305651606277
MMPRNT793	811	192.81420038023	0.237748705770937	196	53.3024037251984	0.271951039414278
MMPRNT794	1170	181.52114721365	0.155146279669787	253	57.6066067865191	0.227694097970431
MMPRNT795	1216	115.023970995555	0.0945920814108187	252	37.468563874909	0.148684777281385
MMPRNT796	883	151.776851601701	0.171887714158212	193	39.0528588254775	0.202346418784857
MMPRNT797	1063	119.102916830433	0.11204413624688	240	45.463307473804	0.189430447807517
MMPRNT798	946	200.966245709371	0.212437891870371	219	59.4801907172835	0.271599044371158
MMPRNT799	1203	212.446835179496	0.176597535477553	248	60.0724714295326	0.242227707377148
MMPRNT8	815	88.3417199072765	0.108394748352487	246	39.6752344012848	0.161281440655629
MMPRNT80	939	94.3220040030259	0.100449418533574	234	33.7044417061458	0.14403607566729
MMPRNT800	1191	152.380952380952	0.127943704769901	253	54.2024221978432	0.214238822916376
MMPRNT801	920	137.734596451406	0.149711517881963	231	51.681082243207	0.223727628758472
MMPRNT802	1145	200.824182444753	0.175392299078387	249	62.0704723314663	0.249279005347254
MMPRNT803	1192	191.634759479213	0.160767415670481	228	56.3898750851487	0.247324013531354
MMPRNT804	1049	103.925256955198	0.0990707883271667	209	32.0760381730515	0.153473866856706
MMPRNT805	1166	190.820029996909	0.163653542021363	234	57.5726451636675	0.246036945143878
MMPRNT806	1162	238.944058417043	0.205631719808127	214	54.9921911088625	0.25697285564889
MMPRNT807	935	162.501218759141	0.173798094929562	207	47.4350898230861	0.229155023299933
MMPRNT808	1267	242.552427707249	0.191438380195145	226	59.4044348974917	0.262851481847308
MMPRNT809	999	118.596669331139	0.118715384715854	253	43.9911595365795	0.173878100935097
MMPRNT81	1158	181.030862141378	0.156330623610862	252	65.9463565956908	0.261691891252741
MMPRNT810	1179	140.759821516546	0.119389161591642	267	42.4577969498319	0.159017966104239
MMPRNT811	1093	199.006559256193	0.182073704717469	260	67.7183782261035	0.260455300869629
MMPRNT812	890	156.012081575597	0.175294473680446	235	52.9993385682547	0.225529100290445
MMPRNT813	1243	201.564950273927	0.162160056535742	259	58.9491952255868	0.227603070369061
MMPRNT814	1015	156.257324562089	0.153948103016836	255	53.5292933705041	0.209918797531389
MMPRNT815	1204	182.276192177435	0.151392186193883	269	65.7009502985451	0.24424145092396
MMPRNT816	1151	194.623714510366	0.169090976985548	263	66.7268097645344	0.253714105568572
MMPRNT817	817	70.6189753186681	0.0864369342945754	236	27.8978003142408	0.118211018280681
MMPRNT818	1158	108.695415879531	0.0938647805522718	251	34.7174967851598	0.138316720259601
MMPRNT819	1256	139.200930975826	0.110828766700499	261	43.4700960515242	0.166552092151434
MMPRNT82	1114	171.982058831623	0.154382458556214	248	54.9211551896098	0.221456270925846
MMPRNT820	973	132.067597479094	0.13573237150986	256	45.1555337203464	0.176388803595103
MMPRNT821	1261	136.837467193217	0.108515041390339	270	41.6808381516382	0.154373474635697
MMPRNT822	1204	127.292538620556	0.10572469985096	263	44.9289583310869	0.17083254118284
MMPRNT823	1203	165.290895446897	0.137398915583456	274	55.2042114188807	0.201475224156499
MMPRNT824	1314	217.427227107087	0.165469731436139	268	63.367501089921	0.236445899589258
MMPRNT825	971	85.7324119956791	0.0882929062777334	247	33.0182947767699	0.133677306788542
MMPRNT826	1152	163.465467919902	0.141897107569359	265	56.966813413178	0.21496910721954
MMPRNT827	1165	139.941168732665	0.120121174877824	256	42.3467555609759	0.165417013910062
MMPRNT828	1040	105.175696000168	0.101130476923239	257	34.3648280109088	0.133715284089139
MMPRNT829	1139	111.465323137972	0.0978624434925125	263	34.8446624945991	0.13248921100608
MMPRNT83	1196	124.12122175001	0.103780285744155	250	41.7122720841453	0.166849088336581
MMPRNT830	1103	132.274432410411	0.11992242285622	263	45.5775218954415	0.173298562340082
MMPRNT831	1031	122.87699275763	0.119182340211086	245	41.6605564517204	0.170043087558042
MMPRNT832	1044	107.733776909204	0.103193272901537	230	35.5081356240342	0.154383198365366
MMPRNT833	1212	231.615518239722	0.191101912739045	275	80.6170753414939	0.293153001241796
MMPRNT834	1173	149.008201411406	0.127031714758232	256	52.8847577666555	0.206581085025998
MMPRNT835	1271	209.532909238725	0.164856734255488	275	73.6134176648646	0.267685155144962
MMPRNT836	1322	230.974620508699	0.174716051822011	267	72.8357582785123	0.272793102166713
MMPRNT837	1158	212.411636759108	0.183429738133945	265	69.7665332730551	0.263269936879453
MMPRNT838	1200	164.613930947748	0.13717827578979	253	51.6390225765807	0.204106808603086
MMPRNT839	1139	150.286445966011	0.131945957827929	278	54.2148817681858	0.195017560317215
MMPRNT84	924	76.3572112513878	0.082637674514489	244	31.184045743253	0.127803466160873
MMPRNT840	1080	168.114694569223	0.155661754230762	274	62.897828766951	0.229554119587412
MMPRNT841	1120	124.468829271086	0.111132883277755	265	45.1935731123548	0.170541785329641
MMPRNT842	1140	115.381508959374	0.101211849964363	259	36.1020214243836	0.139390044109589
MMPRNT843	1219	104.998782014129	0.0861351780263565	258	38.4260682446972	0.148938249010454
MMPRNT844	1049	135.850368969602	0.129504641534416	263	50.7148769048508	0.192832231577379
MMPRNT845	1166	173.783687967913	0.149042614037661	268	60.2293533776621	0.224736393200232
MMPRNT846	1180	95.7779178263776	0.0811677269715065	263	34.3831660019255	0.130734471490211
MMPRNT847	1223	145.289285496352	0.118797453390312	269	52.6877052186118	0.195865075162126
MMPRNT848	1266	188.177910924104	0.148639740066433	260	61.9716913313998	0.238352658966922
MMPRNT849	1089	121.620766989205	0.111681145077323	255	41.0637144593551	0.161034174350412
MMPRNT85	984	179.668690933918	0.182590133062925	219	52.7501835706388	0.240868418130771
MMPRNT850	1173	127.090318005394	0.108346392161461	266	38.5908474858835	0.145078374007081
MMPRNT851	1083	85.0652620690594	0.0785459483555488	254	28.4183268653221	0.111883176635127
MMPRNT852	1016	91.8379904378284	0.0903917228718784	244	30.607697468621	0.125441383068119
MMPRNT853	1013	114.368844096966	0.112901129414577	253	35.8765502257353	0.14180454634678
MMPRNT854	941	85.7481439814235	0.0911244888219166	229	26.7762278507043	0.116926759173381
MMPRNT855	1017	123.637208865282	0.121570510192018	250	45.1731577482807	0.180692630993123
MMPRNT856	1053	139.783894099722	0.132748237511607	252	50.7799805004875	0.201507859128919
MMPRNT857	1077	235.066241666902	0.21826020581885	216	59.9003258577727	0.277316323415614
MMPRNT858	1038	68.3750398284607	0.0658719073491914	234	20.0498841116698	0.0856832654344865
MMPRNT859	1118	75.8946460880864	0.0678842988265531	221	19.8879591930898	0.0899907655795919
MMPRNT86	760	177.858723258941	0.234024635867028	212	61.7735431327588	0.291384637418673
MMPRNT860	1139	157.64366855734	0.13840532796957	248	52.0891933675872	0.210037070030593
MMPRNT861	971	124.26219322771	0.127973422479619	237	43.0132687331388	0.181490585371894
MMPRNT862	963	94.1527383382418	0.0977702371113622	243	33.4185283014832	0.137524807825034
MMPRNT863	1026	175.966495979166	0.171507306022579	245	61.8873155757996	0.252601288064488
MMPRNT864	1113	117.595593457922	0.105656418201188	260	47.5715666648907	0.182967564095733
MMPRNT865	1052	170.017715845991	0.161613798332691	240	51.8315185390976	0.215964660579573
MMPRNT866	1165	174.531644332434	0.149812570242433	262	51.285628125859	0.195746672236103
MMPRNT867	1267	181.841986587335	0.143521694228362	236	50.366669352889	0.213418090478343
MMPRNT868	1168	128.258733778477	0.109810559741846	255	41.3145291630998	0.162017761423921
MMPRNT869	1033	192.116314901694	0.185979007649268	243	64.0917178118575	0.263751925151677
MMPRNT87	772	129.183277483096	0.167335851662042	215	46.0990946137818	0.214414393552473
MMPRNT870	1096	104.608857022706	0.0954460374294766	235	35.9451563182958	0.152958111992748
MMPRNT871	1067	165.164768372929	0.154793597350449	252	54.7395710169299	0.217220519908452
MMPRNT872	1191	160.002048026215	0.134342609593799	252	50.2478222593833	0.199396120076918
MMPRNT873	1043	224.079593071459	0.214841412340804	234	66.7054447652235	0.285066003270186
MMPRNT874	955	213.249625746907	0.223298037431316	222	61.3976059845474	0.276565792723187
MMPRNT875	1175	203.37521506929	0.173085289420672	225	54.224759458967	0.240998930928742
MMPRNT876	1195	177.664072771204	0.148672864243686	242	56.8590169303409	0.234954615414632
MMPRNT877	974	146.630575994229	0.150544739213787	229	48.7114838297358	0.212713903186619
MMPRNT878	991	142.988692454201	0.144287277955803	204	40.4754734820888	0.198409183735729
MMPRNT879	955	124.629228046561	0.130501809472839	238	46.5176860242264	0.195452462286666
MMPRNT88	926	154.108375173757	0.166423731289155	219	51.9482678369572	0.23720670245186
MMPRNT880	1046	164.609595422536	0.157370550117148	235	57.0849240998849	0.242914570637808
MMPRNT89	1125	202.691746392087	0.180170441237411	242	63.9818189263339	0.264387681513776
MMPRNT9	1044	129.616619961478	0.124153850537814	253	48.2493216145381	0.190708781085131
MMPRNT90	1002	153.26657041526	0.152960649117026	236	55.5353160181623	0.235319135670179
MMPRNT91	1121	176.07059726668	0.157065653226298	227	51.9696497245609	0.228941188213924
MMPRNT92	1063	125.819082225287	0.118362259854456	206	35.2892020687942	0.171306806159195
MMPRNT93	1059	170.499495321494	0.161000467725679	225	53.5435094557838	0.237971153136817
MMPRNT94	757	154.53991920653	0.204147845715364	220	54.985901614826	0.249935916431027
MMPRNT945	1132	127.5793352096	0.112702592941343	256	46.0032386279994	0.179700150890623
MMPRNT946	1185	219.631546118232	0.185343076893023	266	76.8738776413864	0.288999540005212
MMPRNT947	1010	172.436388216387	0.170729097243947	253	58.9578145045657	0.233034839938995
MMPRNT948	1036	140.778052138559	0.135886150712895	242	50.9393210807286	0.21049306231706
MMPRNT949	987	167.371299838989	0.169575785044568	256	57.0479293883549	0.222843474173261
MMPRNT95	743	173.431055952327	0.233419994552257	181	53.1496481493293	0.293644464913421
MMPRNT950	1103	211.608862179148	0.191848469790705	248	67.2390050778897	0.271125020475362
MMPRNT951	1068	160.165034051086	0.149967260347459	269	62.6443953312385	0.232878793052931
MMPRNT952	1191	196.355639333962	0.164866195914325	272	68.1979376943641	0.250727712111633
MMPRNT953	1109	151.829853393094	0.136906991337325	267	52.2472591087872	0.195682618384971
MMPRNT954	1078	77.1394233365269	0.0715579066201548	263	26.7036387446299	0.101534748078441
MMPRNT955	1157	83.5877186236781	0.0722452192080191	269	29.6346872829259	0.110166123728349
MMPRNT956	1216	85.8232076252203	0.0705782957444246	261	35.1559094271274	0.134696970985163
MMPRNT957	898	79.1330812680918	0.0881214713453138	228	32.0493919589358	0.140567508591823
MMPRNT958	1112	83.8854393332114	0.0754365461629599	257	31.0730390426521	0.120906766702926
MMPRNT959	1107	68.3406480606974	0.0617350027648577	259	25.0931961304284	0.0968849271445112
MMPRNT96	1009	157.183275699466	0.155781244498975	221	44.3130415053672	0.200511500024286
MMPRNT960	1216	156.214851658377	0.12846616090327	263	50.9573873943653	0.193754324693404
MMPRNT961	1298	149.343337345691	0.115056500266326	270	49.0596251059688	0.181702315207292
MMPRNT962	1043	115.825733234804	0.111050559189649	259	41.2057121006342	0.159095413515962
MMPRNT963	1199	202.536567977348	0.168921241015303	271	61.1569924458883	0.225671558840916
MMPRNT964	1295	244.03457481856	0.188443687118579	261	71.0352391614432	0.272165667285223
MMPRNT965	900	121.331246435895	0.134812496039883	245	40.2165904696333	0.164149348855646
MMPRNT966	1201	196.535472687465	0.163643191246849	258	55.7883790574888	0.216234027354608
MMPRNT967	873	89.3354869141379	0.102331600130742	207	30.3027364583131	0.14639003119958
MMPRNT968	1046	125.400340587325	0.119885602855951	227	36.6662462270433	0.161525313775521
MMPRNT969	1245	170.011356758631	0.136555306633439	264	56.7485358877741	0.214956575332478
MMPRNT97	983	130.968564925047	0.133233535020393	246	49.6153815621304	0.201688542935489
MMPRNT970	1060	126.023626909573	0.118890214065635	261	52.0937520837501	0.199592919861111
MMPRNT971	1126	176.752144003507	0.156973484905423	269	64.725589391217	0.240615573945045
MMPRNT972	1075	112.878028517505	0.105002817225586	247	54.9303263740272	0.222389985319948
MMPRNT973	1001	153.053571811205	0.152900671140065	262	58.2747865977315	0.222422849609662
MMPRNT974	1184	181.969712960975	0.153690635946769	266	59.6155038463923	0.224118435512753
MMPRNT975	1019	157.008054513197	0.154080524546807	273	55.8514440949385	0.204584044303804
MMPRNT976	1087	126.720227082647	0.116577945798203	269	47.5873227372228	0.176904545491535
MMPRNT977	1129	95.0536007254491	0.0841927375779	261	34.5639959297438	0.132429103179095
MMPRNT978	1149	58.6968822564021	0.0510851890830305	257	22.3948918147566	0.0871396568667573
MMPRNT979	1067	70.263304708063	0.0658512696420459	249	26.3659680739766	0.105887421983842
MMPRNT98	951	133.486041364655	0.140363871045904	256	50.6630783697027	0.197902649881651
MMPRNT980	1026	59.7109036887008	0.0581977618798253	262	23.873094449601	0.0911186811053475
MMPRNT981	964	93.8008869811873	0.0973038246692814	262	36.5130877511735	0.139362930347991
MMPRNT982	1049	50.6076972283176	0.0482437533158414	251	20.3639112394128	0.0811311204757482
MMPRNT983	1047	127.879527254964	0.122138994512859	259	45.3177681905522	0.1749720779558
MMPRNT984	1001	127.159809362014	0.127032776585428	254	52.7223724224032	0.207568395363792
MMPRNT985	1115	147.56009384822	0.132340891343695	263	54.5548975022586	0.207433070350793
MMPRNT986	1098	134.242603232562	0.122261022980475	259	44.968719758536	0.173624400612108
MMPRNT987	1123	139.587602387506	0.124298844512472	262	50.8080512470328	0.193923859721499
MMPRNT988	1081	82.3572625104799	0.0761861817858279	258	32.0445444803913	0.12420366077671
MMPRNT989	987	154.141156305298	0.156171384301214	261	54.2207609124703	0.207742378974982
MMPRNT99	1147	194.542688502138	0.169610016130896	258	67.8975127783119	0.263168654179504
MMPRNT990	862	112.472781586856	0.130478864949949	235	43.1077590517672	0.183437272560712
MMPRNT991	983	83.7638796748621	0.0852124920395342	246	29.2230183871232	0.118792757671232
MMPRNT992	1002	129.926825212041	0.129667490231577	260	48.697820285564	0.187299308790631
MMPRNT993	1011	169.417441186735	0.167574125802903	240	52.9806938351665	0.22075289097986
MMPRNT994	1170	121.761449837936	0.104069615246099	220	36.1676210096264	0.164398277316484
MMPRNT995	1278	141.686408306224	0.110865734198923	255	50.9808719768343	0.199924988144448
MMPRNT996	1014	148.619326457212	0.146567383093898	237	47.7730132159264	0.20157389542585
MMPRNT997	1324	138.096369170262	0.104302393633128	229	37.5269443460405	0.163873119415024
MMPRNT998	1212	173.754096252819	0.143361465555131	247	48.757464767856	0.197398642784842
MMPRNT999	1320	143.300145019747	0.108560715924051	263	51.6671971165571	0.196453220975502
